1649557103393 15863.083268229168 0
1649557103618 14368.106119791666 1
1649557103846 13038.41875 2
1649557104068 11850.373958333334 3
1649557104296 10756.68037109375 4
1649557104519 9759.2498046875 5
1649557104732 8871.62294921875 6
1649557104953 8074.671712239583 7
1649557105180 7347.091373697916 8
1649557105408 6735.20751953125 9
1649557105640 6186.58203125 10
1649557105869 5729.974381510417 11
1649557106107 5293.94970703125 12
1649557106337 4937.993798828125 13
1649557106570 4589.955143229166 14
1649557106792 4302.856510416666 15
1649557107027 4050.207584635417 16
1649557107263 3813.47568359375 17
1649557107510 3579.0389322916667 18
1649557107738 3398.3119140625 19
1649557107965 3217.815478515625 20
1649557108200 3026.101774088542 21
1649557108490 2881.1160807291667 22
1649557108739 2719.6192708333333 23
1649557108969 2586.383479817708 24
1649557109201 2468.5449055989584 25
1649557109430 2363.2859375 26
1649557109658 2243.9270833333335 27
1649557109880 2137.178084309896 28
1649557110133 2050.5608479817706 29
1649557110363 1967.4234049479167 30
1649557110586 1875.4025472005208 31
1649557110824 1808.9317138671875 32
1649557111051 1720.748291015625 33
1649557111290 1653.36875 34
1649557111516 1590.5452067057292 35
1649557111754 1532.9745524088542 36
1649557111975 1465.5458658854166 37
1649557112204 1418.4724446614584 38
1649557112429 1366.2971354166666 39
1649557112652 1313.4152384440104 40
1649557112883 1267.5024739583334 41
1649557113121 1223.0303059895834 42
1649557113349 1182.5855712890625 43
1649557113582 1144.6173746744792 44
1649557113814 1107.3847574869792 45
1649557114056 1063.2058268229166 46
1649557114332 1030.2482747395834 47
1649557114570 990.4824055989583 48
1649557114791 972.534501139323 49
1649557115005 934.2549072265625 50
1649557115226 901.61474609375 51
1649557115450 875.3945027669271 52
1649557115671 849.090478515625 53
1649557115891 818.9150838216145 54
1649557116112 801.9968912760417 55
1649557116331 776.1390421549479 56
1649557116550 756.7130249023437 57
1649557116775 724.5819295247396 58
1649557116993 711.0667154947917 59
1649557117204 696.75810546875 60
1649557117432 677.18076171875 61
1649557117649 650.7583760579427 62
1649557117869 636.896815999349 63
1649557118085 618.8463948567709 64
1649557118316 607.4354044596354 65
1649557118546 589.48037109375 66
1649557118761 578.616953531901 67
1649557118990 564.913155110677 68
1649557119222 546.6399291992187 69
1649557119442 541.3560831705729 70
1649557119674 534.7806599934896 71
1649557119893 520.8212890625 72
1649557120111 506.76891072591144 73
1649557120333 496.5775472005208 74
1649557120553 481.8645935058594 75
1649557120780 475.35255126953126 76
1649557121003 461.7989196777344 77
1649557121223 453.1858601888021 78
1649557121457 442.8439412434896 79
1649557121680 437.51580607096355 80
1649557121899 434.5310892740885 81
1649557122122 418.7329793294271 82
1649557122349 406.61326904296874 83
1649557122577 406.07379150390625 84
1649557122797 391.50421752929685 85
1649557123016 392.14014689127606 86
1649557123239 381.3916727701823 87
1649557123468 369.2130900065104 88
1649557123696 372.24547119140624 89
1649557123929 366.8800740559896 90
1649557124143 355.231162516276 91
1649557124361 354.10045369466144 92
1649557124577 341.6994364420573 93
1649557124798 341.41734212239584 94
1649557125019 340.1610860188802 95
1649557125248 327.367724609375 96
1649557125486 329.1753377278646 97
1649557125718 323.6366953531901 98
1649557125946 320.08857421875 99
1649557126170 311.6455810546875 100
1649557126403 312.81871032714844 101
1649557126631 304.2442881266276 102
1649557126863 298.59265950520836 103
1649557127091 300.4723388671875 104
1649557127308 293.34998575846356 105
1649557127534 295.0986775716146 106
1649557127763 285.85755411783856 107
1649557127982 285.15525512695314 108
1649557128202 281.3874857584635 109
1649557128432 281.8218109130859 110
1649557128646 270.6741516113281 111
1649557128877 271.6459187825521 112
1649557129094 271.20179748535156 113
1649557129323 263.56053466796874 114
1649557129547 259.1757405598958 115
1649557129769 260.77850850423175 116
1649557129995 256.06837463378906 117
1649557130212 251.48692932128907 118
1649557130435 250.98104858398438 119
1649557130706 249.2569549560547 120
1649557130930 244.61280517578126 121
1649557131159 245.3154296875 122
1649557131398 237.84632975260416 123
1649557131615 241.69610595703125 124
1649557131831 235.7988759358724 125
1649557132052 234.03595174153645 126
1649557132275 234.4206115722656 127
1649557132484 229.21180013020833 128
1649557132705 228.79337361653646 129
1649557132927 225.7461903889974 130
1649557133151 218.43234252929688 131
1649557133385 223.22057596842447 132
1649557133617 219.0323038736979 133
1649557133832 219.45684407552082 134
1649557134056 214.1970977783203 135
1649557134275 215.33299458821614 136
1649557134502 213.76526590983073 137
1649557134729 210.18950602213542 138
1649557134963 208.55613708496094 139
1649557135182 206.91801961263022 140
1649557135401 205.33810323079427 141
1649557135621 199.75707092285157 142
1649557135836 199.2624481201172 143
1649557136055 202.50457763671875 144
1649557136287 199.28424479166668 145
1649557136521 196.03543294270833 146
1649557136748 195.46927490234376 147
1649557136973 194.64140726725262 148
1649557137207 191.1171417236328 149
1649557137431 192.57071533203126 150
1649557137662 194.7751241048177 151
1649557137898 187.67725626627603 152
1649557138118 186.86272481282552 153
1649557138336 185.27945963541666 154
1649557138563 186.64040934244792 155
1649557138785 184.06648763020834 156
1649557139013 185.03036600748698 157
1649557139242 185.91950378417968 158
1649557139472 180.4056396484375 159
1649557139698 179.4303446451823 160
1649557139914 175.05492248535157 161
1649557140151 175.94259338378907 162
1649557140374 173.5963114420573 163
1649557140601 174.98447265625 164
1649557140827 170.6154357910156 165
1649557141051 169.89955342610676 166
1649557141267 174.18799845377603 167
1649557141487 171.57212829589844 168
1649557141705 169.12907918294272 169
1649557141933 166.55091451009113 170
1649557142162 164.01009419759114 171
1649557142377 165.17359415690103 172
1649557142606 161.67298482259113 173
1649557142820 167.39939575195314 174
1649557143051 162.34222615559895 175
1649557143280 161.7889617919922 176
1649557143510 162.13719177246094 177
1649557143730 156.30252380371093 178
1649557143955 159.823871866862 179
1649557144175 156.1256306966146 180
1649557144396 153.85519104003907 181
1649557144621 154.3745885213216 182
1649557144834 155.48964131673176 183
1649557145052 153.5483856201172 184
1649557145270 158.79896240234376 185
1649557145493 153.34253743489583 186
1649557145723 151.2148183186849 187
1649557145943 152.38428904215496 188
1649557146161 148.0559514363607 189
1649557146377 148.48247172037762 190
1649557146601 149.5832504272461 191
1649557146820 147.11629943847657 192
1649557147046 145.25717010498047 193
1649557147262 146.69723561604818 194
1649557147482 144.45786844889324 195
1649557147704 143.76731618245444 196
1649557147928 143.73675130208332 197
1649557148149 143.3846430460612 198
1649557148377 143.17327321370442 199
1649557148599 145.73653259277344 200
1649557148824 139.62787577311198 201
1649557149049 142.8781936645508 202
1649557149267 142.50464782714843 203
1649557149495 136.7026143391927 204
1649557149705 137.87212829589845 205
1649557149931 142.31218363444012 206
1649557150163 138.18731943766275 207
1649557150384 135.85572001139323 208
1649557150613 134.86131032307944 209
1649557150841 131.47165273030598 210
1649557151060 131.43178151448566 211
1649557151288 136.64368896484376 212
1649557151519 132.99427235921223 213
1649557151739 135.9313720703125 214
1649557151964 129.92382049560547 215
1649557152184 132.1380630493164 216
1649557152410 131.65721740722657 217
1649557152627 133.2169418334961 218
1649557152847 132.4824422200521 219
1649557153064 133.3674301147461 220
1649557153286 124.48640289306641 221
1649557153517 127.1462387084961 222
1649557153737 125.67945861816406 223
1649557153954 125.50252787272136 224
1649557154205 127.13649139404296 225
1649557154422 126.06348571777343 226
1649557154642 127.31047922770182 227
1649557154878 127.3344212849935 228
1649557155100 117.95502065022787 229
1649557155323 124.66769256591797 230
1649557155552 121.82739969889323 231
1649557155774 124.47245737711589 232
1649557155998 122.46754862467448 233
1649557156216 122.98280131022135 234
1649557156437 118.27615763346354 235
1649557156664 125.26852060953776 236
1649557156885 121.70192260742188 237
1649557157100 119.46448771158855 238
1649557157328 120.60058949788412 239
1649557157559 117.32512868245443 240
1649557157781 118.5293202718099 241
1649557158010 118.68911743164062 242
1649557158242 122.97869720458985 243
1649557158470 118.41670786539713 244
1649557158699 118.43874613444011 245
1649557158931 118.1384791056315 246
1649557159271 113.05243733723958 247
1649557159502 116.16648763020834 248
1649557159732 114.65690053304037 249
1649557159964 112.85467885335287 250
1649557160194 116.0054423014323 251
1649557160425 114.77605387369792 252
1649557160647 112.48417256673177 253
1649557160874 116.49500528971355 254
1649557161094 114.82434895833333 255
1649557161314 111.97292531331381 256
1649557161528 113.62137756347656 257
1649557161745 109.09643809000652 258
1649557161971 112.68346862792968 259
1649557162190 110.89473368326823 260
1649557162417 108.03585866292318 261
1649557162643 108.57806549072265 262
1649557162864 108.69632008870443 263
1649557163098 110.2220230102539 264
1649557163331 106.36891225179036 265
1649557163562 111.76243235270182 266
1649557163790 106.7003667195638 267
1649557164031 111.02978261311848 268
1649557164265 110.33540852864583 269
1649557164504 105.79825998942057 270
1649557164724 106.21060282389323 271
1649557164953 107.27975870768229 272
1649557165181 109.51082153320313 273
1649557165417 107.36123402913411 274
1649557165650 105.2670908610026 275
1649557165870 106.73242950439453 276
1649557166092 105.45695393880209 277
1649557166317 104.25333658854167 278
1649557166546 103.18780721028646 279
1649557166786 104.09190368652344 280
1649557167016 103.04385782877604 281
1649557167252 103.67378387451171 282
1649557167485 99.29102935791016 283
1649557167701 102.73916269938151 284
1649557167921 102.24595642089844 285
1649557168139 105.59454803466797 286
1649557168362 102.64234670003255 287
1649557168574 102.66617279052734 288
1649557168809 101.72427825927734 289
1649557169030 98.91238505045573 290
1649557169254 103.0731928507487 291
1649557169484 103.39392598470052 292
1649557169713 98.05029703776042 293
1649557169942 96.27494608561197 294
1649557170158 99.27033335367838 295
1649557170385 98.57158864339193 296
1649557170626 101.57590230305989 297
1649557170853 98.06907908121745 298
1649557171072 97.61291147867838 299
1649557171303 95.5845225016276 300
1649557171531 95.61006876627604 301
1649557171754 97.17997487386067 302
1649557171970 99.09752705891927 303
1649557172200 96.07551829020183 304
1649557172436 97.5345957438151 305
1649557172670 95.78064422607422 306
1649557172910 95.82864583333334 307
1649557173133 96.60371958414713 308
1649557173352 96.34083557128906 309
1649557173564 94.46176706949869 310
1649557173782 93.86183471679688 311
1649557174001 95.28077748616536 312
1649557174217 91.90451202392578 313
1649557174445 96.0398930867513 314
1649557174666 91.43824259440105 315
1649557174893 94.99930826822917 316
1649557175116 93.54744974772136 317
1649557175338 90.28078053792318 318
1649557175571 90.24827575683594 319
1649557175795 93.37869313557943 320
1649557176009 94.29866739908854 321
1649557176226 93.89066569010417 322
1649557176450 91.78152008056641 323
1649557176675 92.34232432047526 324
1649557176903 90.77897288004557 325
1649557177125 90.78152669270834 326
1649557177352 89.28874104817709 327
1649557177575 89.10633036295573 328
1649557177787 90.76833140055338 329
1649557178028 89.04049173990886 330
1649557178247 90.72602742513021 331
1649557178473 88.97503102620443 332
1649557178690 91.86832987467447 333
1649557178911 89.04880294799804 334
1649557179131 87.76811065673829 335
1649557179347 87.88240610758463 336
1649557179564 86.06697794596354 337
1649557179789 88.11029103597005 338
1649557180011 85.4467056274414 339
1649557180235 90.27195892333984 340
1649557180455 87.25845082600911 341
1649557180674 86.52718149820963 342
1649557180902 87.02206929524739 343
1649557181127 87.94128290812175 344
1649557181344 86.53291829427083 345
1649557181567 86.58224792480469 346
1649557181796 85.76858011881511 347
1649557182012 85.51674448649088 348
1649557182232 86.0907979329427 349
1649557182454 83.54592539469401 350
1649557182672 85.50917205810546 351
1649557182895 85.23448944091797 352
1649557183118 85.93357899983724 353
1649557183341 84.0325688680013 354
1649557183562 84.79957682291666 355
1649557183794 84.58671213785807 356
1649557184019 85.5615109761556 357
1649557184241 84.61475194295248 358
1649557184475 84.01480611165364 359
1649557184737 86.11323394775391 360
1649557184963 84.0716433207194 361
1649557185192 82.2669169108073 362
1649557185416 84.43718668619792 363
1649557185639 84.23556671142578 364
1649557185865 81.16216837565104 365
1649557186092 84.5647201538086 366
1649557186317 81.87114944458008 367
1649557186544 82.89510447184244 368
1649557186764 83.67896931966146 369
1649557186991 84.37413736979167 370
1649557187215 81.64288330078125 371
1649557187437 83.43606821695964 372
1649557187667 80.60809580485027 373
1649557187896 82.46234436035157 374
1649557188120 79.59490865071615 375
1649557188341 80.18128356933593 376
1649557188575 80.47743581136068 377
1649557188807 80.894704691569 378
1649557189033 78.67108662923177 379
1649557189260 78.77425715128581 380
1649557189478 79.76950531005859 381
1649557189702 79.16478780110677 382
1649557189926 81.02408930460612 383
1649557190157 82.10189005533854 384
1649557190383 80.69492136637369 385
1649557190606 79.60910441080729 386
1649557190840 80.44216817220052 387
1649557191065 78.0629285176595 388
1649557191289 78.74353357950847 389
1649557191520 78.73547108968098 390
1649557191747 79.85448532104492 391
1649557191973 77.81056849161784 392
1649557192200 79.34538116455079 393
1649557192425 77.47798385620118 394
1649557192641 78.98286437988281 395
1649557192891 77.40658747355143 396
1649557193133 78.76146087646484 397
1649557193354 75.82598546346028 398
1649557193569 78.14821548461914 399
1649557193860 75.86643829345704 400
1649557194073 77.71395060221354 401
1649557194302 77.36660410563151 402
1649557194535 77.8592519124349 403
1649557194762 78.1977060953776 404
1649557194982 75.29900487263997 405
1649557195206 78.21160736083985 406
1649557195426 76.54912770589193 407
1649557195650 74.25629297892253 408
1649557195871 75.66017506917318 409
1649557196099 74.42755279541015 410
1649557196319 73.02902704874674 411
1649557196553 74.6054562886556 412
1649557196777 75.158043162028 413
1649557196997 75.43390045166015 414
1649557197220 74.39036458333334 415
1649557197436 74.32476018269857 416
1649557197654 76.34657440185546 417
1649557197873 76.63249053955079 418
1649557198104 72.45618743896485 419
1649557198325 75.99945653279623 420
1649557198554 72.2585334777832 421
1649557198773 74.18708572387695 422
1649557199004 76.16493174235026 423
1649557199220 72.90510915120443 424
1649557199446 72.79754536946615 425
1649557199668 72.51252721150716 426
1649557199889 71.8388158162435 427
1649557200111 73.49821472167969 428
1649557200352 73.04402389526368 429
1649557200574 73.46252899169922 430
1649557200807 74.08700739542643 431
1649557201026 72.47604726155599 432
1649557201251 71.8352419535319 433
1649557201468 72.89878718058269 434
1649557201689 73.17667032877604 435
1649557201914 72.73906962076823 436
1649557202125 73.4725351969401 437
1649557202349 70.60313161214192 438
1649557202564 72.0959851582845 439
1649557202786 72.7893445332845 440
1649557203003 71.75637232462564 441
1649557203225 71.1369249979655 442
1649557203446 72.6416742960612 443
1649557203658 71.34613444010417 444
1649557203885 71.71514536539713 445
1649557204105 70.7012451171875 446
1649557204326 71.86627451578777 447
1649557204555 68.78249918619791 448
1649557204771 72.12846349080404 449
1649557204985 70.11939493815105 450
1649557205203 68.80402323404948 451
1649557205425 71.36071446736653 452
1649557205654 69.41741129557292 453
1649557205875 72.63167037963868 454
1649557206111 70.95310872395834 455
1649557206345 69.02285766601562 456
1649557206573 71.37476959228516 457
1649557206793 71.23537851969401 458
1649557207020 67.4013905843099 459
1649557207251 69.00379104614258 460
1649557207468 69.16212437947591 461
1649557207701 68.90059331258138 462
1649557207925 67.88081868489583 463
1649557208156 70.43079732259115 464
1649557208386 68.13608042399089 465
1649557208613 70.8131601969401 466
1649557208832 69.39738693237305 467
1649557209050 68.793771870931 468
1649557209273 68.97706553141276 469
1649557209493 68.5765764872233 470
1649557209717 70.77389984130859 471
1649557209942 70.27959213256835 472
1649557210175 69.73488311767578 473
1649557210408 69.47939580281576 474
1649557210662 68.96919097900391 475
1649557210901 68.8708595275879 476
1649557211139 67.78918126424153 477
1649557211365 70.0756118774414 478
1649557211588 65.6054079691569 479
1649557211805 64.89879608154297 480
1649557212022 70.12331568400064 481
1649557212242 67.16022389729818 482
1649557212459 67.1466293334961 483
1649557212676 66.49350229899089 484
1649557212891 66.79386978149414 485
1649557213131 65.6000877380371 486
1649557213354 66.75440216064453 487
1649557213564 65.36933771769206 488
1649557213793 68.1437489827474 489
1649557214010 68.5051040649414 490
1649557214227 65.95416615804037 491
1649557214453 64.51200536092122 492
1649557214686 65.11510340372722 493
1649557214910 66.74300893147786 494
1649557215133 67.4617556254069 495
1649557215352 66.02875417073568 496
1649557215570 67.11685333251953 497
1649557215785 65.48971888224284 498
1649557216013 63.88784255981445 499
1649557216232 67.34995752970377 500
1649557216461 65.88376490275066 501
1649557216681 68.1777448018392 502
1649557216898 65.17239151000976 503
1649557217121 64.06655705769857 504
1649557217347 66.29119923909505 505
1649557217573 65.36346867879232 506
1649557217794 65.1067024230957 507
1649557218011 64.24655507405599 508
1649557218238 67.29360936482747 509
1649557218461 64.72702560424804 510
1649557218682 65.38168869018554 511
1649557218898 67.27171300252279 512
1649557219118 65.00800984700521 513
1649557219350 65.0452262878418 514
1649557219577 64.64398930867513 515
1649557219807 64.13261489868164 516
1649557220034 63.233158620198566 517
1649557220255 64.82941131591797 518
1649557220485 64.4697743733724 519
1649557220698 63.381204732259114 520
1649557220915 65.05628331502278 521
1649557221144 65.7945053100586 522
1649557221358 63.13483174641927 523
1649557221579 65.0975949605306 524
1649557221798 64.69022827148437 525
1649557222016 67.42164586385091 526
1649557222243 62.2688102722168 527
1649557222465 63.851470184326175 528
1649557222681 62.36987152099609 529
1649557222902 63.31717758178711 530
1649557223125 65.3474947611491 531
1649557223342 63.54342346191406 532
1649557223560 64.02705637613933 533
1649557223775 63.92639745076497 534
1649557223994 61.922908274332684 535
1649557224213 63.99493637084961 536
1649557224442 61.56234486897787 537
1649557224666 64.0355219523112 538
1649557224886 63.285753377278645 539
1649557225113 62.38219655354818 540
1649557225337 63.003963979085285 541
1649557225555 62.253848266601565 542
1649557225776 62.34515965779622 543
1649557225995 61.31617050170898 544
1649557226204 61.694496663411456 545
1649557226430 64.50175806681315 546
1649557226649 63.936825307210285 547
1649557226867 61.08049748738607 548
1649557227103 62.824589029947916 549
1649557227326 61.634829966227215 550
1649557227543 66.4916399637858 551
1649557227762 64.81366424560547 552
1649557227990 62.48985773722331 553
1649557228215 62.428130340576175 554
1649557228433 64.33141250610352 555
1649557228653 62.64619903564453 556
1649557228878 62.721116638183595 557
1649557229099 58.272711690266924 558
1649557229319 60.263207244873044 559
1649557229535 62.20924809773763 560
1649557229749 63.343501536051434 561
1649557229967 61.24229736328125 562
1649557230187 62.546243794759114 563
1649557230409 62.15768839518229 564
1649557230639 61.95578282674153 565
1649557230867 61.06338882446289 566
1649557231137 60.60356801350911 567
1649557231360 61.330719757080075 568
1649557231583 58.32171579996745 569
1649557231805 61.06742884318034 570
1649557232024 62.98633015950521 571
1649557232241 60.73467127482096 572
1649557232469 60.45278294881185 573
1649557232688 60.9822499593099 574
1649557232907 61.029030863444014 575
1649557233127 61.632162984212236 576
1649557233347 61.085445658365884 577
1649557233561 61.18378423055013 578
1649557233785 57.887264506022134 579
1649557234010 60.75648523966471 580
1649557234240 59.111847686767575 581
1649557234464 60.257519785563154 582
1649557234685 60.05128529866536 583
1649557234911 60.747274780273436 584
1649557235128 59.93171641031901 585
1649557235351 58.50326817830403 586
1649557235569 59.94411112467448 587
1649557235794 61.81719919840495 588
1649557236026 59.587930806477864 589
1649557236248 59.96217320760091 590
1649557236478 60.94390614827474 591
1649557236707 56.553062693277994 592
1649557236926 58.660247039794925 593
1649557237140 58.030844116210936 594
1649557237356 59.41177673339844 595
1649557237583 59.88960215250651 596
1649557237818 56.23937021891276 597
1649557238036 60.697821299235024 598
1649557238270 61.29010925292969 599
1649557238500 59.20799102783203 600
1649557238716 59.584632110595706 601
1649557238934 59.083448282877605 602
1649557239167 58.72190602620443 603
1649557239393 57.83139394124349 604
1649557239623 57.73191528320312 605
1649557239846 60.04075241088867 606
1649557240085 60.35519688924153 607
1649557240305 59.39075241088867 608
1649557240526 58.87670822143555 609
1649557240748 59.67000935872396 610
1649557240967 60.548447672526045 611
1649557241183 58.41138865152995 612
1649557241420 58.749758911132815 613
1649557241640 57.708527374267575 614
1649557241873 57.1845583597819 615
1649557242096 57.34847717285156 616
1649557242316 58.64567387898763 617
1649557242532 60.9264409383138 618
1649557242754 57.355201212565106 619
1649557242979 59.599874877929686 620
1649557243203 57.317647298177086 621
1649557243427 55.941487630208336 622
1649557243647 59.33923848470052 623
1649557243871 60.04652506510417 624
1649557244100 59.37324930826823 625
1649557244321 61.45889587402344 626
1649557244538 59.118177795410155 627
1649557244768 55.32988586425781 628
1649557244986 57.41028594970703 629
1649557245210 58.33263117472331 630
1649557245427 57.74606628417969 631
1649557245650 59.32582372029622 632
1649557245872 58.030182139078775 633
1649557246103 54.920789337158205 634
1649557246330 56.36565678914388 635
1649557246546 58.142374674479164 636
1649557246775 56.47140096028646 637
1649557247002 55.46618576049805 638
1649557247217 58.12365875244141 639
1649557247440 58.46786829630534 640
1649557247663 57.29910380045573 641
1649557247884 58.705938720703124 642
1649557248106 57.062764485677086 643
1649557248336 59.451159413655596 644
1649557248563 56.85748875935872 645
1649557248780 55.73864517211914 646
1649557248999 57.247833506266275 647
1649557249231 57.70193252563477 648
1649557249453 55.18558197021484 649
1649557249671 56.475066884358725 650
1649557249901 58.55932769775391 651
1649557250123 57.01818720499674 652
1649557250358 57.007405598958336 653
1649557250587 57.55588938395182 654
1649557250802 54.550811258951825 655
1649557251018 54.68054936726888 656
1649557251243 54.53487548828125 657
1649557251467 54.76955795288086 658
1649557251683 56.0878542582194 659
1649557251902 54.81731643676758 660
1649557252124 57.79151560465495 661
1649557252347 55.26171035766602 662
1649557252568 55.42582677205404 663
1649557252790 55.7707265218099 664
1649557253016 57.435509236653644 665
1649557253233 55.61210225423177 666
1649557253452 54.691767883300784 667
1649557253670 54.00619990030925 668
1649557253893 54.45246149698893 669
1649557254119 56.189097849528 670
1649557254340 56.65694885253906 671
1649557254561 53.85111668904622 672
1649557254791 55.70302276611328 673
1649557255008 57.56330261230469 674
1649557255243 55.020932006835935 675
1649557255474 57.28773676554362 676
1649557255717 54.93660329182943 677
1649557255952 56.855333201090495 678
1649557256181 55.4965581258138 679
1649557256402 55.322933197021484 680
1649557256626 53.78826726277669 681
1649557256846 57.412051645914715 682
1649557257059 53.88174794514974 683
1649557257282 58.223454030354816 684
1649557257505 55.877383931477866 685
1649557257733 54.72832056681315 686
1649557257951 55.88357849121094 687
1649557258182 57.63145345052083 688
1649557258404 56.54077021280924 689
1649557258622 53.84738388061523 690
1649557258852 57.05068791707357 691
1649557259085 53.41237233479818 692
1649557259320 55.51265411376953 693
1649557259555 53.51069691975911 694
1649557259777 55.03728459676107 695
1649557260043 54.875536855061846 696
1649557260279 55.97371037801107 697
1649557260498 56.433205668131514 698
1649557260718 57.08189468383789 699
1649557260940 54.3998903910319 700
1649557261164 54.356780242919925 701
1649557261403 53.365952555338545 702
1649557261633 52.96208724975586 703
1649557261870 55.27157719930013 704
1649557262116 56.019656372070315 705
1649557262349 55.46392618815104 706
1649557262572 54.38710174560547 707
1649557262798 55.58081080118815 708
1649557263029 54.56922276814779 709
1649557263253 54.261363474528 710
1649557263479 53.88083419799805 711
1649557263725 55.08834609985352 712
1649557263967 54.30232365926107 713
1649557264202 52.13482487996419 714
1649557264426 50.898685201009116 715
1649557264655 53.814710489908855 716
1649557264873 54.42722625732422 717
1649557265106 51.946895853678384 718
1649557265325 54.83732274373372 719
1649557265542 53.02939376831055 720
1649557265758 56.3618044535319 721
1649557265971 56.2951057434082 722
1649557266184 53.31534271240234 723
1649557266404 55.61099039713542 724
1649557266628 54.736890920003255 725
1649557266856 55.26429011027018 726
1649557267084 56.23924814860026 727
1649557267306 54.511044311523435 728
1649557267533 54.361741892496745 729
1649557267749 52.03767420450846 730
1649557267981 56.13112551371257 731
1649557268204 53.4568977355957 732
1649557268429 53.2792719523112 733
1649557268651 56.58630498250326 734
1649557268865 55.389736048380534 735
1649557269086 55.48524856567383 736
1649557269311 53.51039428710938 737
1649557269539 55.131465148925784 738
1649557269769 50.91763661702474 739
1649557269984 52.26126658121745 740
1649557270215 52.12837422688802 741
1649557270431 55.265185038248696 742
1649557270648 53.14860916137695 743
1649557270884 52.6879768371582 744
1649557271103 53.15309168497721 745
1649557271335 55.12829030354818 746
1649557271553 53.461951700846356 747
1649557271776 56.10453745524089 748
1649557271996 53.71208801269531 749
1649557272223 50.760785802205405 750
1649557272446 53.895024108886716 751
1649557272664 52.863826751708984 752
1649557272886 52.05132471720378 753
1649557273101 55.034715525309245 754
1649557273337 52.9096934000651 755
1649557273554 53.105831146240234 756
1649557273774 51.87924067179362 757
1649557273991 53.9996706644694 758
1649557274220 51.50518112182617 759
1649557274455 53.89413909912109 760
1649557274679 54.10300114949544 761
1649557274902 52.65664138793945 762
1649557275121 53.11511789957682 763
1649557275341 54.19343973795573 764
1649557275573 52.04926325480143 765
1649557275794 52.76519724527995 766
1649557276016 51.13611882527669 767
1649557276252 51.0095817565918 768
1649557276475 53.76824951171875 769
1649557276700 54.5320327758789 770
1649557276927 53.01350657145182 771
1649557277155 52.94721323649089 772
1649557277378 52.467175801595054 773
1649557277603 51.717159779866535 774
1649557277831 52.57909571329753 775
1649557278051 51.75605341593425 776
1649557278268 52.45817540486654 777
1649557278490 54.06752446492513 778
1649557278711 52.587012736002606 779
1649557278929 50.945105743408206 780
1649557279157 50.83165995279948 781
1649557279376 53.82416610717773 782
1649557279597 54.028690083821616 783
1649557279819 51.643699391682944 784
1649557280036 52.909430440266924 785
1649557280255 51.28653310139974 786
1649557280502 52.89425913492838 787
1649557280732 48.72122599283854 788
1649557280948 51.24881134033203 789
1649557281172 51.737630208333336 790
1649557281389 53.17139256795247 791
1649557281610 51.345551045735675 792
1649557281838 51.09803899129232 793
1649557282061 50.7776133219401 794
1649557282280 54.497335815429686 795
1649557282506 49.963469950358075 796
1649557282731 52.41207504272461 797
1649557282958 52.66806233723958 798
1649557283172 50.68373184204101 799
1649557283387 49.74350128173828 800
1649557283621 50.2074582417806 801
1649557283837 51.97454096476237 802
1649557284050 52.91171518961588 803
1649557284277 53.067448425292966 804
1649557284499 52.33203353881836 805
1649557284722 50.851836395263675 806
1649557284959 53.42279001871745 807
1649557285182 52.499611918131514 808
1649557285408 52.440205891927086 809
1649557285635 52.471686299641924 810
1649557285858 49.2231684366862 811
1649557286076 51.80413996378581 812
1649557286307 51.90039952596029 813
1649557286543 54.12374547322591 814
1649557286769 50.626441701253256 815
1649557287000 53.280121612548825 816
1649557287227 51.71409403483073 817
1649557287448 51.63998769124349 818
1649557287674 52.153907012939456 819
1649557287901 51.547838592529295 820
1649557288120 51.03538970947265 821
1649557288337 50.55809097290039 822
1649557288552 49.2650515238444 823
1649557288778 50.37535451253255 824
1649557289008 50.49162775675456 825
1649557289267 51.92046864827474 826
1649557289503 51.34451802571615 827
1649557289724 51.655251566569014 828
1649557289950 49.71482772827149 829
1649557290168 51.11150207519531 830
1649557290393 48.714227294921876 831
1649557290626 50.84429092407227 832
1649557290844 50.12760645548503 833
1649557291067 51.56587498982747 834
1649557291292 51.34892171223958 835
1649557291520 52.90552266438802 836
1649557291739 51.18899332682292 837
1649557291956 52.68407974243164 838
1649557292177 51.19335149129232 839
1649557292403 49.713507588704424 840
1649557292629 50.277119700113936 841
1649557292857 49.927513122558594 842
1649557293072 49.71243540445963 843
1649557293288 51.110704294840495 844
1649557293517 51.38252360026042 845
1649557293742 52.5570785522461 846
1649557293970 49.15272776285807 847
1649557294200 53.6166742960612 848
1649557294422 49.85087178548177 849
1649557294643 50.658016713460285 850
1649557294861 49.2080935160319 851
1649557295084 49.79444173177083 852
1649557295305 51.700296274820964 853
1649557295525 52.21319478352864 854
1649557295745 53.04404144287109 855
1649557295965 52.648337046305336 856
1649557296181 49.69186147054037 857
1649557296401 50.98778076171875 858
1649557296618 49.21164245605469 859
1649557296843 51.019673665364586 860
1649557297076 52.721255747477215 861
1649557297297 52.27130686442057 862
1649557297524 50.421224975585936 863
1649557297744 53.07820536295573 864
1649557297964 49.847938283284506 865
1649557298184 49.433251190185544 866
1649557298415 49.56915817260742 867
1649557298635 47.75797653198242 868
1649557298860 50.25426203409831 869
1649557299074 49.74080123901367 870
1649557299295 51.32195103963216 871
1649557299522 48.662766774495445 872
1649557299747 50.34172795613607 873
1649557299967 48.89356460571289 874
1649557300193 48.748756663004556 875
1649557300420 48.59825922648112 876
1649557300638 48.746847534179686 877
1649557300860 49.14179356892904 878
1649557301086 51.003116607666016 879
1649557301304 49.71746978759766 880
1649557301529 51.22740885416667 881
1649557301751 48.92842076619466 882
1649557301979 51.65833384195964 883
1649557302193 49.02506001790365 884
1649557302421 49.70836563110352 885
1649557302637 49.91113840738932 886
1649557302869 50.902958679199216 887
1649557303100 49.48678995768229 888
1649557303331 51.4505968729655 889
1649557303552 49.47995300292969 890
1649557303778 50.459773508707684 891
1649557304004 48.74195353190104 892
1649557304227 49.02034047444661 893
1649557304450 48.10451024373372 894
1649557304672 48.78565622965495 895
1649557304900 48.455023701985674 896
1649557305130 50.740316518147786 897
1649557305354 49.15533599853516 898
1649557305580 47.24490076700847 899
1649557305798 48.41750768025716 900
1649557306024 48.89609603881836 901
1649557306244 50.279798889160155 902
1649557306468 47.586981709798174 903
1649557306700 52.00885136922201 904
1649557306919 48.908721160888675 905
1649557307148 51.09129053751628 906
1649557307375 50.24289042154948 907
1649557307595 48.72366663614909 908
1649557307817 49.749497731526695 909
1649557308039 48.75773620605469 910
1649557308264 49.68689308166504 911
1649557308487 49.727561696370444 912
1649557308700 49.23281453450521 913
1649557308926 48.816304779052736 914
1649557309150 48.93852971394857 915
1649557309377 49.391196187337236 916
1649557309600 51.150855509440106 917
1649557309835 49.068098322550455 918
1649557310056 48.855681610107425 919
1649557310272 50.83291880289713 920
1649557310504 48.23384195963542 921
1649557310719 50.54089558919271 922
1649557310936 48.55241292317708 923
1649557311154 49.46813049316406 924
1649557311372 48.18174489339193 925
1649557311593 50.73470662434896 926
1649557311814 49.85983428955078 927
1649557312047 49.97305806477865 928
1649557312263 50.34640604654948 929
1649557312492 49.68676172892253 930
1649557312718 51.07925008138021 931
1649557312951 49.36489486694336 932
1649557313166 48.806653594970705 933
1649557313390 48.13648198445638 934
1649557313618 48.053210194905596 935
1649557313843 47.30832112630208 936
1649557314060 49.10098114013672 937
1649557314286 49.66739501953125 938
1649557314521 47.50154978434245 939
1649557314750 50.254739125569664 940
1649557314977 51.26365534464518 941
1649557315193 48.1790273030599 942
1649557315422 50.43285064697265 943
1649557315649 48.44820785522461 944
1649557315875 46.41254285176595 945
1649557316098 49.403918202718096 946
1649557316325 49.52424774169922 947
1649557316544 51.574607594807944 948
1649557316807 48.020867919921876 949
1649557317019 48.137044525146486 950
1649557317246 48.69873758951823 951
1649557317467 49.19927164713542 952
1649557317690 50.440042114257814 953
1649557317917 46.03826853434245 954
1649557318133 47.142746988932295 955
1649557318357 46.502061462402345 956
1649557318572 49.83863957722982 957
1649557318797 48.1593744913737 958
1649557319025 47.709364827473955 959
1649557319239 48.97104059855143 960
1649557319462 46.298902638753255 961
1649557319675 49.22052561442057 962
1649557319890 48.151406860351564 963
1649557320127 47.651402537028 964
1649557320355 48.00773569742839 965
1649557320577 50.629076385498045 966
1649557320798 50.03811162312825 967
1649557321031 48.0257074991862 968
1649557321261 48.058581034342446 969
1649557321492 48.794569396972655 970
1649557321716 49.10134582519531 971
1649557321935 50.849090321858725 972
1649557322158 49.884561665852864 973
1649557322384 48.11865971883138 974
1649557322607 47.53775825500488 975
1649557322825 48.15704142252604 976
1649557323035 49.27608057657878 977
1649557323253 46.52571334838867 978
1649557323476 48.19902369181315 979
1649557323750 48.505584462483725 980
1649557323975 50.81030782063802 981
1649557324198 48.97867279052734 982
1649557324417 45.477246856689455 983
1649557324644 49.24459177652995 984
1649557324868 46.871150207519534 985
1649557325108 47.98744125366211 986
1649557325331 45.90970179239909 987
1649557325562 48.03257548014323 988
1649557325774 48.6824582417806 989
1649557325996 48.49035619099935 990
1649557326219 48.47329254150391 991
1649557326441 48.130061594645184 992
1649557326669 46.903080240885416 993
1649557326891 49.99748814900716 994
1649557327108 47.0033982594808 995
1649557327336 46.8958251953125 996
1649557327550 50.01049880981445 997
1649557327781 47.75211919148763 998
1649557328017 47.97971038818359 999
