1649555559181 16071.6841796875 0
1649555559430 14559.482747395834 1
1649555559639 13212.5908203125 2
1649555559854 11947.84140625 3
1649555560092 10784.168033854166 4
1649555560304 9810.992415364582 5
1649555560521 8903.344954427082 6
1649555560741 8087.628776041666 7
1649555560962 7379.386360677084 8
1649555561212 6758.767024739584 9
1649555561440 6175.963053385417 10
1649555561667 5719.172819010417 11
1649555561897 5313.326546223959 12
1649555562165 4924.835970052083 13
1649555562384 4599.513118489584 14
1649555562601 4303.795784505209 15
1649555562878 4040.79267578125 16
1649555563143 3801.21083984375 17
1649555563372 3585.0528157552085 18
1649555563605 3368.6128092447916 19
1649555563828 3186.5472005208335 20
1649555564140 2998.5944661458334 21
1649555564377 2840.0178059895834 22
1649555564604 2708.840584309896 23
1649555564829 2578.2607666015624 24
1649555565066 2437.3389973958333 25
1649555565288 2331.957373046875 26
1649555565521 2208.000496419271 27
1649555565761 2121.2344889322917 28
1649555565997 2028.2901204427083 29
1649555566248 1937.557283528646 30
1649555566477 1850.955965169271 31
1649555566698 1776.4232177734375 32
1649555566918 1693.7111328125 33
1649555567146 1637.195450846354 34
1649555567360 1552.643953450521 35
1649555567579 1500.6582112630208 36
1649555567797 1450.388045247396 37
1649555568013 1382.3960286458334 38
1649555568242 1332.3449462890626 39
1649555568458 1285.0423502604167 40
1649555568680 1245.9810872395833 41
1649555568896 1197.6781209309895 42
1649555569109 1148.898486328125 43
1649555569336 1101.134855143229 44
1649555569565 1066.228096516927 45
1649555569787 1038.6581990559896 46
1649555570001 1003.3989786783854 47
1649555570223 978.6093668619792 48
1649555570448 931.5163126627605 49
1649555570683 915.0838460286458 50
1649555570925 880.699393717448 51
1649555571157 853.3119873046875 52
1649555571380 825.9580403645833 53
1649555571615 796.6114095052084 54
1649555571839 781.775948079427 55
1649555572060 759.6173258463542 56
1649555572281 731.5111653645833 57
1649555572505 711.4631062825521 58
1649555572731 693.2935587565104 59
1649555572951 677.6320271809896 60
1649555573173 661.4709269205729 61
1649555573396 641.2638427734375 62
1649555573613 622.1627034505208 63
1649555573831 611.3726969401042 64
1649555574049 595.5934122721354 65
1649555574289 577.1191101074219 66
1649555574512 571.2323954264323 67
1649555574757 556.7026977539062 68
1649555574988 537.4402058919271 69
1649555575206 525.8512349446614 70
1649555575427 513.5679239908854 71
1649555575648 506.9317891438802 72
1649555575856 497.5949015299479 73
1649555576073 480.42100219726564 74
1649555576304 470.55775553385416 75
1649555576525 463.4781778971354 76
1649555576734 454.0430480957031 77
1649555576955 444.11817830403646 78
1649555577170 442.5072408040365 79
1649555577400 427.3989786783854 80
1649555577622 420.5154296875 81
1649555577838 413.28692220052085 82
1649555578056 406.61619873046874 83
1649555578279 397.3050252278646 84
1649555578505 391.3901102701823 85
1649555578745 383.79130859375 86
1649555578959 377.51837158203125 87
1649555579177 376.23329264322916 88
1649555579407 366.8321248372396 89
1649555579635 356.7469807942708 90
1649555579852 359.77098185221354 91
1649555580073 349.72104899088544 92
1649555580306 343.44794921875 93
1649555580526 344.62464599609376 94
1649555580752 336.19837849934896 95
1649555580977 329.75291544596354 96
1649555581187 329.68871256510414 97
1649555581418 322.45555114746094 98
1649555581634 322.0551513671875 99
1649555581882 315.60695393880206 100
1649555582134 312.99262084960935 101
1649555582371 305.2640391031901 102
1649555582618 300.33632609049477 103
1649555582862 295.61516825358075 104
1649555583098 290.6813466389974 105
1649555583335 292.6988932291667 106
1649555583552 288.16192423502605 107
1649555583782 277.87409057617185 108
1649555584003 281.2477254231771 109
1649555584226 275.82167561848956 110
1649555584442 273.1615519205729 111
1649555584670 263.4935658772786 112
1649555584888 263.52745056152344 113
1649555585137 264.2781534830729 114
1649555585383 254.77733561197917 115
1649555585633 260.3013041178385 116
1649555585864 258.1168660481771 117
1649555586093 252.6805633544922 118
1649555586325 250.2323476155599 119
1649555586536 247.89964294433594 120
1649555586760 246.95843098958332 121
1649555586972 242.53997497558595 122
1649555587193 246.80483703613282 123
1649555587407 238.93224589029947 124
1649555587644 236.53964436848958 125
1649555587863 236.22567545572917 126
1649555588091 229.7096720377604 127
1649555588325 231.3219960530599 128
1649555588574 226.04413655598958 129
1649555588824 221.72376912434896 130
1649555589055 220.21625366210938 131
1649555589277 223.66234436035157 132
1649555589492 220.44509582519532 133
1649555589726 219.27257588704427 134
1649555589948 218.1246785481771 135
1649555590167 216.23571268717447 136
1649555590370 212.14440104166667 137
1649555590583 214.42901204427082 138
1649555590799 204.52408752441406 139
1649555591024 206.01485900878907 140
1649555591248 206.62188924153645 141
1649555591474 205.07503865559895 142
1649555591694 201.37969563802082 143
1649555591930 198.43710428873698 144
1649555592148 200.67016092936197 145
1649555592379 194.12154337565104 146
1649555592619 198.65118001302082 147
1649555592845 192.48504740397135 148
1649555593079 193.37701924641928 149
1649555593302 195.62318522135416 150
1649555593522 192.3955057779948 151
1649555593743 194.97958272298177 152
1649555593961 190.21709696451822 153
1649555594164 189.52369588216146 154
1649555594383 185.12025756835936 155
1649555594662 186.9064676920573 156
1649555594918 182.15277201334635 157
1649555595177 184.85907491048178 158
1649555595405 180.70374348958333 159
1649555595637 178.80685628255208 160
1649555595865 180.05380147298177 161
1649555596092 177.33252868652343 162
1649555596330 173.21363423665363 163
1649555596551 176.31859334309897 164
1649555596773 172.96041768391927 165
1649555597000 173.18185221354167 166
1649555597205 172.38499247233074 167
1649555597445 176.00782775878906 168
1649555597661 169.50786844889322 169
1649555597875 169.12740580240884 170
1649555598096 168.74514465332032 171
1649555598311 171.65013783772787 172
1649555598542 168.84681498209636 173
1649555598774 165.75420735677082 174
1649555598995 162.28018951416016 175
1649555599212 163.0982645670573 176
1649555599457 159.5609608968099 177
1649555599689 163.2269307454427 178
1649555599899 163.3676727294922 179
1649555600121 161.24235127766926 180
1649555600342 159.30800170898436 181
1649555600560 156.4276911417643 182
1649555600790 154.84725952148438 183
1649555601008 155.3146199544271 184
1649555601235 159.47422485351564 185
1649555601451 153.4378692626953 186
1649555601656 151.42499593098958 187
1649555601871 150.05108744303385 188
1649555602084 153.7150873819987 189
1649555602296 149.73861033121744 190
1649555602535 150.87618509928384 191
1649555602760 149.20335591634114 192
1649555602980 145.25049641927083 193
1649555603205 147.0211405436198 194
1649555603428 147.56006368001303 195
1649555603668 147.76215209960938 196
1649555603912 145.612592569987 197
1649555604153 141.76553344726562 198
1649555604406 144.314106241862 199
1649555604656 145.4641143798828 200
1649555604886 143.09803873697916 201
1649555605116 142.08316345214843 202
1649555605333 141.01122538248697 203
1649555605545 142.3961151123047 204
1649555605767 139.5151799519857 205
1649555606004 140.25574340820313 206
1649555606241 139.61815083821614 207
1649555606466 138.62541961669922 208
1649555606699 142.96591389973958 209
1649555606925 136.0420715332031 210
1649555607168 140.1874964396159 211
1649555607428 132.3989064534505 212
1649555607677 136.3249033610026 213
1649555607923 131.6582295735677 214
1649555608189 132.3592519124349 215
1649555608443 136.31294860839844 216
1649555608692 131.50631713867188 217
1649555608940 133.01695505777994 218
1649555609176 130.5011942545573 219
1649555609418 132.7557840983073 220
1649555609638 133.43401590983072 221
1649555609875 131.33850758870443 222
1649555610115 130.00295715332032 223
1649555610376 127.04322255452475 224
1649555610625 126.90567525227864 225
1649555610861 127.64240926106771 226
1649555611083 132.86405232747396 227
1649555611305 124.84294993082682 228
1649555611542 125.02803192138671 229
1649555611756 127.49081827799479 230
1649555611984 123.99193115234375 231
1649555612236 124.86514231363932 232
1649555612467 120.82006276448568 233
1649555612689 126.77029876708984 234
1649555612911 124.91904144287109 235
1649555613153 120.51823018391927 236
1649555613394 121.8451924641927 237
1649555613629 125.09125467936198 238
1649555613860 117.77366434733072 239
1649555614090 121.11889444986979 240
1649555614320 118.64894409179688 241
1649555614547 121.30565083821615 242
1649555614770 118.6104512532552 243
1649555615003 117.22172190348307 244
1649555615212 119.53988647460938 245
1649555615432 118.97192077636718 246
1649555615653 117.37038218180338 247
1649555615880 116.65421651204427 248
1649555616101 116.03740743001302 249
1649555616326 113.97676951090494 250
1649555616539 115.97214711507162 251
1649555616754 112.29517364501953 252
1649555616969 114.98414408365885 253
1649555617176 115.49727630615234 254
1649555617406 112.71834360758463 255
1649555617624 113.20541788736979 256
1649555617848 110.72982737223307 257
1649555618083 112.16245625813802 258
1649555618318 113.61525115966796 259
1649555618543 111.41384684244791 260
1649555618760 113.98693186442057 261
1649555618968 108.0080790201823 262
1649555619189 109.41574045817057 263
1649555619411 111.9429219563802 264
1649555619634 109.01259256998698 265
1649555619852 108.61121012369792 266
1649555620070 111.15020701090495 267
1649555620280 109.3408711751302 268
1649555620511 107.12945505777995 269
1649555620731 107.01488850911458 270
1649555620957 108.3359161376953 271
1649555621200 109.79085032145183 272
1649555621418 107.29200185139975 273
1649555621656 106.5256123860677 274
1649555621881 107.86127421061198 275
1649555622098 106.64177958170573 276
1649555622322 107.85490570068359 277
1649555622557 105.34704284667968 278
1649555622800 105.15725402832031 279
1649555623043 104.69640858968098 280
1649555623258 101.9397186279297 281
1649555623488 105.18970336914063 282
1649555623710 103.56027018229166 283
1649555623924 102.35386606852214 284
1649555624162 101.5004384358724 285
1649555624371 100.56947886149088 286
1649555624590 101.17154897054037 287
1649555624808 98.87721557617188 288
1649555625028 99.52538197835287 289
1649555625244 98.12387390136719 290
1649555625467 97.4390645345052 291
1649555625684 102.19903869628907 292
1649555625904 98.20448608398438 293
1649555626125 102.28571014404297 294
1649555626341 100.12624003092448 295
1649555626558 97.6907470703125 296
1649555626789 103.00467580159506 297
1649555627026 97.93241475423177 298
1649555627239 99.26434987386068 299
1649555627492 100.43985290527344 300
1649555627750 99.58899281819662 301
1649555627976 95.24806467692058 302
1649555628204 96.2303456624349 303
1649555628424 97.27589213053385 304
1649555628644 95.85432688395183 305
1649555628860 100.64456278483073 306
1649555629093 96.9924794514974 307
1649555629329 95.19493153889974 308
1649555629559 96.0063237508138 309
1649555629793 95.91958185831706 310
1649555630034 95.236669921875 311
1649555630256 93.63515930175781 312
1649555630491 93.6952392578125 313
1649555630736 96.0004877726237 314
1649555630967 94.27280069986979 315
1649555631201 92.68911794026693 316
1649555631433 92.4434580485026 317
1649555631659 95.21121368408203 318
1649555631893 95.94050547281901 319
1649555632134 94.20152384440104 320
1649555632354 94.41065521240235 321
1649555632575 91.95187479654948 322
1649555632801 94.22199249267578 323
1649555633013 92.73558197021484 324
1649555633234 91.05411478678386 325
1649555633452 92.68832346598307 326
1649555633669 92.29562276204427 327
1649555633897 92.85051829020182 328
1649555634126 91.4054453531901 329
1649555634342 93.67454172770182 330
1649555634569 88.0237309773763 331
1649555634797 86.44288686116536 332
1649555635038 90.62696736653646 333
1649555635266 88.57029469807942 334
1649555635486 88.12325185139974 335
1649555635710 88.31241149902344 336
1649555635942 91.4679677327474 337
1649555636175 88.63045120239258 338
1649555636406 91.426687113444 339
1649555636633 87.07425231933594 340
1649555636870 86.76889495849609 341
1649555637091 88.77996292114258 342
1649555637323 83.60643361409505 343
1649555637556 85.34610137939453 344
1649555637788 87.42554473876953 345
1649555638020 86.33563639322917 346
1649555638260 88.0862538655599 347
1649555638498 88.54085693359374 348
1649555638726 87.35843124389649 349
1649555638955 86.68814493815104 350
1649555639181 86.68423716227214 351
1649555639419 85.21255391438802 352
1649555639656 87.1591054280599 353
1649555639884 86.5782704671224 354
1649555640104 85.18228963216146 355
1649555640351 86.00402272542318 356
1649555640581 84.4031753540039 357
1649555640834 86.71982981363932 358
1649555641088 83.20990397135417 359
1649555641330 88.5862813313802 360
1649555641554 85.7086400349935 361
1649555641768 81.47116648356119 362
1649555641996 85.39976501464844 363
1649555642225 82.40944061279296 364
1649555642466 83.41642710367839 365
1649555642722 81.396826171875 366
1649555642983 82.10996602376302 367
1649555643218 82.1623291015625 368
1649555643453 83.56947784423828 369
1649555643701 83.02845687866211 370
1649555643963 79.02848561604817 371
1649555644222 82.90460357666015 372
1649555644480 81.68606567382812 373
1649555644732 82.19961954752604 374
1649555644968 79.2542215983073 375
1649555645199 80.44430491129557 376
1649555645426 82.41098581949869 377
1649555645646 77.66576741536458 378
1649555645863 83.4455810546875 379
1649555646089 78.88578364054362 380
1649555646312 80.53883361816406 381
1649555646524 81.00295054117838 382
1649555646742 79.6332389831543 383
1649555646968 81.9249277750651 384
1649555647184 82.04583638509115 385
1649555647402 79.4805788675944 386
1649555647615 80.33852513631184 387
1649555647846 79.00810953776042 388
1649555648056 81.1815569559733 389
1649555648290 78.88087336222331 390
1649555648516 79.24389928181967 391
1649555648744 80.30162684122722 392
1649555648965 78.8829839070638 393
1649555649175 77.91327412923177 394
1649555649401 76.18545176188151 395
1649555649621 77.53620758056641 396
1649555649832 79.2081403096517 397
1649555650060 75.79966303507487 398
1649555650286 79.4147112528483 399
1649555650508 77.54757766723633 400
1649555650748 79.72081044514974 401
1649555650972 77.17002665201822 402
1649555651199 74.90150807698568 403
1649555651429 78.51829681396484 404
1649555651668 75.96802546183268 405
1649555651914 76.8149907430013 406
1649555652153 76.67038014729818 407
1649555652427 76.44202524820963 408
1649555652663 75.80208587646484 409
1649555652896 78.21920776367188 410
1649555653117 74.76982167561849 411
1649555653342 74.33825225830078 412
1649555653567 75.81348114013672 413
1649555653783 73.68930079142253 414
1649555654001 74.68355051676433 415
1649555654225 77.07509969075521 416
1649555654448 74.37611974080404 417
1649555654667 74.40453287760417 418
1649555654907 74.23993784586588 419
1649555655120 75.2386469523112 420
1649555655358 73.86614939371745 421
1649555655585 76.42903416951498 422
1649555655808 75.28201599121094 423
1649555656035 74.14538777669271 424
1649555656245 72.81066182454427 425
1649555656475 72.9736831665039 426
1649555656699 73.51845779418946 427
1649555656916 75.05176493326823 428
1649555657154 74.43056869506836 429
1649555657376 73.07163263956706 430
1649555657605 73.00334803263347 431
1649555657813 73.68511657714843 432
1649555658023 74.64844411214193 433
1649555658257 74.82378692626953 434
1649555658476 74.68203837076823 435
1649555658707 72.48421681722006 436
1649555658939 71.92736307779948 437
1649555659155 71.18503112792969 438
1649555659360 70.71166814168295 439
1649555659580 74.2968246459961 440
1649555659814 71.96556955973307 441
1649555660037 73.71105880737305 442
1649555660266 70.8935038248698 443
1649555660504 72.8886220296224 444
1649555660723 73.66217193603515 445
1649555660930 72.29551239013672 446
1649555661174 70.8609141031901 447
1649555661430 70.72278594970703 448
1649555661668 71.37071838378907 449
1649555661916 72.25907491048177 450
1649555662157 70.59535090128581 451
1649555662362 72.9494135538737 452
1649555662581 72.32600962320963 453
1649555662802 69.72599334716797 454
1649555663013 71.32024332682292 455
1649555663259 70.80732014973958 456
1649555663491 67.71980997721354 457
1649555663708 71.15955378214518 458
1649555663926 70.05155131022136 459
1649555664144 69.5149668375651 460
1649555664380 70.06032867431641 461
1649555664613 72.4705187479655 462
1649555664842 73.03035939534506 463
1649555665079 69.72935104370117 464
1649555665295 70.26662979125976 465
1649555665523 72.21499277750651 466
1649555665741 70.82598775227865 467
1649555665990 68.10509999593098 468
1649555666240 67.07303237915039 469
1649555666469 69.66012115478516 470
1649555666676 67.27119598388671 471
1649555666898 69.02674357096355 472
1649555667128 69.39286600748697 473
1649555667362 68.92673212687174 474
1649555667593 68.53951568603516 475
1649555667814 69.01215311686198 476
1649555668053 69.78912404378255 477
1649555668266 70.20595372517904 478
1649555668502 68.11856892903646 479
1649555668725 67.22781473795573 480
1649555668964 70.01412887573242 481
1649555669177 69.44722213745118 482
1649555669412 66.99587275187174 483
1649555669638 67.8502197265625 484
1649555669868 67.828013865153 485
1649555670098 65.99496154785156 486
1649555670317 68.8287836710612 487
1649555670552 68.13314997355143 488
1649555670781 66.6944460550944 489
1649555671016 65.36245193481446 490
1649555671231 64.76540883382161 491
1649555671444 66.48627268473307 492
1649555671675 65.98131891886393 493
1649555671903 67.66371281941731 494
1649555672143 66.54878641764323 495
1649555672371 65.61455586751302 496
1649555672597 66.61251068115234 497
1649555672822 64.96738560994466 498
1649555673042 66.83143641153971 499
1649555673258 64.39050827026367 500
1649555673494 65.06470362345378 501
1649555673731 67.68442713419596 502
1649555673951 64.74091033935547 503
1649555674175 65.00038782755534 504
1649555674387 66.96736068725586 505
1649555674603 66.05782572428386 506
1649555674828 65.58283182779948 507
1649555675048 69.16530278523763 508
1649555675266 64.20368626912435 509
1649555675492 66.61064987182617 510
1649555675707 63.698054504394534 511
1649555675940 65.48756688435873 512
1649555676172 65.47561442057291 513
1649555676414 66.06815541585287 514
1649555676639 63.52594121297201 515
1649555676872 67.33901646931966 516
1649555677099 64.11115137736003 517
1649555677318 62.04922866821289 518
1649555677548 65.74225209554037 519
1649555677794 65.55936075846354 520
1649555678009 64.75170771280925 521
1649555678228 65.56066818237305 522
1649555678472 64.04539642333984 523
1649555678699 64.8101188659668 524
1649555678917 64.4921381632487 525
1649555679145 64.99287312825521 526
1649555679374 65.81519393920898 527
1649555679598 61.36395161946614 528
1649555679833 63.39743372599284 529
1649555680055 63.134439595540364 530
1649555680284 66.97354176839193 531
1649555680516 62.39336217244466 532
1649555680742 62.17244262695313 533
1649555680961 64.90794296264649 534
1649555681177 62.58880894978841 535
1649555681401 64.63401158650716 536
1649555681626 64.42306111653646 537
1649555681850 63.34271748860677 538
1649555682078 65.42097880045573 539
1649555682307 61.214481862386066 540
1649555682540 61.77304611206055 541
1649555682754 63.98366775512695 542
1649555682968 64.4924545288086 543
1649555683172 65.6771957397461 544
1649555683407 62.14304021199544 545
1649555683641 61.64780248006185 546
1649555683854 61.19045664469401 547
1649555684078 60.532107543945315 548
1649555684297 62.67983678181966 549
1649555684521 63.882774861653644 550
1649555684750 62.380165354410806 551
1649555684987 62.30479151407878 552
1649555685209 63.3051259358724 553
1649555685434 61.56629892985026 554
1649555685658 64.02071228027344 555
1649555685889 64.1772699991862 556
1649555686107 63.470314534505206 557
1649555686331 62.62862854003906 558
1649555686547 60.233497619628906 559
1649555686774 63.42489293416341 560
1649555686984 61.68012288411458 561
1649555687210 61.37356974283854 562
1649555687439 63.24727935791016 563
1649555687670 62.61162770589193 564
1649555687902 61.75977783203125 565
1649555688124 60.37261123657227 566
1649555688351 62.71424560546875 567
1649555688574 61.86708272298177 568
1649555688794 60.67479248046875 569
1649555689005 58.850904846191405 570
1649555689218 59.27942962646485 571
1649555689452 61.57915496826172 572
1649555689672 61.45774815877279 573
1649555689902 61.40705134073893 574
1649555690130 64.00094528198242 575
1649555690358 60.728955841064455 576
1649555690579 62.792816925048825 577
1649555690814 62.378649393717446 578
1649555691029 61.897386169433595 579
1649555691255 57.33840713500977 580
1649555691459 61.588531748453775 581
1649555691676 61.30243911743164 582
1649555691908 58.95754165649414 583
1649555692129 59.01262537638346 584
1649555692343 60.376305389404294 585
1649555692554 62.07741114298503 586
1649555692794 61.23981399536133 587
1649555693008 62.46029154459635 588
1649555693232 58.64997126261393 589
1649555693451 59.59422607421875 590
1649555693670 59.703547668457034 591
1649555693883 62.958045450846356 592
1649555694100 58.85925369262695 593
1649555694345 60.04187164306641 594
1649555694589 59.348636881510416 595
1649555694815 59.635676829020184 596
1649555695039 58.81184565226237 597
1649555695289 59.33604838053385 598
1649555695528 60.302390797932944 599
1649555695741 61.008042907714845 600
1649555695963 57.99156138102214 601
1649555696185 58.211159769694014 602
1649555696398 58.27843551635742 603
1649555696623 59.3101089477539 604
1649555696835 59.4786371866862 605
1649555697065 59.93525619506836 606
1649555697277 59.39482752482096 607
1649555697499 57.75843098958333 608
1649555697726 59.38221715291341 609
1649555697965 60.42955423990885 610
1649555698199 60.87881673177083 611
1649555698432 62.578276824951175 612
1649555698675 58.09950637817383 613
1649555698907 59.60991923014323 614
1649555699115 58.9774782816569 615
1649555699331 58.53807678222656 616
1649555699548 58.15627466837565 617
1649555699760 57.41823043823242 618
1649555699976 60.5906125386556 619
1649555700206 59.92350514729818 620
1649555700445 58.30343195597331 621
1649555700672 56.71677881876628 622
1649555700891 58.4254269917806 623
1649555701158 56.99077479044596 624
1649555701379 57.619591522216794 625
1649555701596 57.498207346598306 626
1649555701814 59.97601064046224 627
1649555702036 56.047055053710935 628
1649555702254 55.822564697265626 629
1649555702465 59.433800252278644 630
1649555702694 57.248538208007815 631
1649555702917 57.09081344604492 632
1649555703144 56.19862314860026 633
1649555703360 60.81256205240886 634
1649555703569 60.08018493652344 635
1649555703788 56.92992604573568 636
1649555704004 55.587686665852864 637
1649555704225 58.18348337809245 638
1649555704440 58.02191975911458 639
1649555704647 58.24599100748698 640
1649555704865 57.602525583902995 641
1649555705084 56.41720225016276 642
1649555705300 57.51758041381836 643
1649555705514 55.436030578613284 644
1649555705729 59.11080729166667 645
1649555705959 57.412896219889326 646
1649555706167 56.27134272257487 647
1649555706370 56.847991180419925 648
1649555706582 57.402106221516924 649
1649555706799 56.29196802775065 650
1649555707016 56.37567011515299 651
1649555707248 56.056349182128905 652
1649555707467 57.04438120524089 653
1649555707671 54.807440439860024 654
1649555707888 57.831896718343096 655
1649555708115 57.1864631652832 656
1649555708330 55.68732681274414 657
1649555708549 56.50447031656901 658
1649555708765 54.434060414632164 659
1649555708991 57.47547200520833 660
1649555709218 55.94727401733398 661
1649555709431 56.69392471313476 662
1649555709638 55.848914591471356 663
1649555709858 56.11714452107747 664
1649555710071 53.57666854858398 665
1649555710290 55.89659805297852 666
1649555710521 56.84417597452799 667
1649555710735 55.17556330362956 668
1649555710956 56.57347081502279 669
1649555711170 58.252177174886064 670
1649555711380 57.23444747924805 671
1649555711610 57.68369649251302 672
1649555711863 57.51186040242513 673
1649555712110 56.29764887491862 674
1649555712361 54.90876820882161 675
1649555712597 55.28151270548503 676
1649555712820 52.700085957845054 677
1649555713041 56.38707631429036 678
1649555713277 56.95556640625 679
1649555713517 55.80554936726888 680
1649555713763 55.7979367574056 681
1649555714004 54.7904660542806 682
1649555714216 54.345045725504555 683
1649555714438 55.953182983398435 684
1649555714655 55.432132975260416 685
1649555714889 53.33754908243815 686
1649555715104 55.54452641805013 687
1649555715324 55.17623341878255 688
1649555715546 55.100782012939455 689
1649555715756 55.10972620646159 690
1649555715970 55.48740463256836 691
1649555716195 54.6587282816569 692
1649555716411 53.67740325927734 693
1649555716627 54.37219518025716 694
1649555716852 55.662533060709634 695
1649555717084 58.10297470092773 696
1649555717329 54.4624382019043 697
1649555717562 54.858218638102215 698
1649555717778 56.778908030192056 699
1649555717991 54.34434127807617 700
1649555718201 55.86950887044271 701
1649555718423 56.214971923828124 702
1649555718645 55.31540247599284 703
1649555718867 53.37844441731771 704
1649555719092 56.29685923258464 705
1649555719311 56.45198237101237 706
1649555719542 53.418967946370444 707
1649555719776 54.65792566935222 708
1649555720003 55.31323089599609 709
1649555720230 54.08402328491211 710
1649555720461 56.91979420979818 711
1649555720685 53.8665651957194 712
1649555720926 53.21457061767578 713
1649555721154 57.67652918497721 714
1649555721380 54.588941955566405 715
1649555721596 57.832156626383465 716
1649555721836 53.59701894124349 717
1649555722079 54.189344024658205 718
1649555722303 56.92787628173828 719
1649555722546 54.63263193766276 720
1649555722781 54.10952657063802 721
1649555723001 54.37982304890951 722
1649555723223 53.17159601847331 723
1649555723441 55.488041687011716 724
1649555723671 52.88797378540039 725
1649555723896 55.26260528564453 726
1649555724112 55.7298464457194 727
1649555724337 54.300551096598305 728
1649555724565 53.22903951009115 729
1649555724798 55.04590403238932 730
1649555725008 51.4750254313151 731
1649555725235 54.214515686035156 732
1649555725473 54.463791910807295 733
1649555725695 54.20380376180013 734
1649555725923 53.62578455607096 735
1649555726146 55.16063715616862 736
1649555726378 52.652627563476564 737
1649555726597 50.4066401163737 738
1649555726830 54.70559463500977 739
1649555727048 51.99754155476888 740
1649555727275 51.89768854777018 741
1649555727492 51.8579704284668 742
1649555727716 53.54110921223958 743
1649555727956 54.0776247660319 744
1649555728182 51.69397125244141 745
1649555728410 50.693014272054036 746
1649555728625 54.06435089111328 747
1649555728860 52.84279937744141 748
1649555729103 53.14273478190104 749
1649555729333 53.295840962727866 750
1649555729587 53.620399729410806 751
1649555729822 51.268798828125 752
1649555730043 53.0857915242513 753
1649555730273 53.18009821573893 754
1649555730527 51.886820220947264 755
1649555730773 52.23534240722656 756
1649555731010 53.82838414510091 757
1649555731226 53.61705373128255 758
1649555731441 52.684740193684895 759
1649555731652 54.552555338541666 760
1649555731871 51.64463704427083 761
1649555732097 57.22837397257487 762
1649555732318 52.91569569905599 763
1649555732530 52.842969767252605 764
1649555732765 53.62537180582682 765
1649555732997 51.61929041544597 766
1649555733229 51.77587076822917 767
1649555733470 55.33542404174805 768
1649555733680 52.881064351399736 769
1649555733894 51.680779520670576 770
1649555734127 53.38031997680664 771
1649555734350 52.024834696451826 772
1649555734568 52.37186177571615 773
1649555734797 52.58924624125163 774
1649555735011 51.449197387695314 775
1649555735246 53.09399439493815 776
1649555735464 52.77114588419597 777
1649555735677 52.07715810139974 778
1649555735896 52.65842819213867 779
1649555736137 53.43406321207682 780
1649555736377 53.47293294270833 781
1649555736605 52.2045046488444 782
1649555736829 51.46908976236979 783
1649555737069 51.779660034179685 784
1649555737292 52.95715916951497 785
1649555737524 51.470786794026694 786
1649555737746 51.37847900390625 787
1649555737981 51.72986857096354 788
1649555738221 54.02033055623372 789
1649555738439 53.58769658406575 790
1649555738654 52.411721293131514 791
1649555738872 55.361044820149736 792
1649555739102 54.064117431640625 793
1649555739329 53.924485270182295 794
1649555739555 50.36195449829101 795
1649555739783 53.16476287841797 796
1649555740023 51.123677317301436 797
1649555740252 51.81664047241211 798
1649555740483 51.702013142903645 799
1649555740710 52.581170145670576 800
1649555740936 51.93623733520508 801
1649555741160 51.1476941426595 802
1649555741394 51.49970932006836 803
1649555741619 52.146261850992836 804
1649555741837 53.42820510864258 805
1649555742069 52.02234039306641 806
1649555742301 52.1287119547526 807
1649555742524 52.31653849283854 808
1649555742743 51.62403132120768 809
1649555742972 51.01650365193685 810
1649555743201 52.443373362223305 811
1649555743431 51.04408442179362 812
1649555743653 50.76229654947917 813
1649555743888 50.15636316935221 814
1649555744105 49.877139282226565 815
1649555744331 51.48010533650716 816
1649555744557 51.497476450602214 817
1649555744779 50.533633931477866 818
1649555745035 52.076080067952475 819
1649555745273 51.56748046875 820
1649555745527 52.40186513264974 821
1649555745758 52.45230305989583 822
1649555745993 49.634796651204425 823
1649555746215 51.39601389567057 824
1649555746423 50.833824666341144 825
1649555746642 48.9540901184082 826
1649555746866 52.66685892740885 827
1649555747103 49.25914789835612 828
1649555747315 49.600127410888675 829
1649555747536 51.16567687988281 830
1649555747772 51.39740473429362 831
1649555747990 49.66092796325684 832
1649555748211 51.76942647298177 833
1649555748441 49.234711456298825 834
1649555748649 50.64825719197591 835
1649555748877 50.535779062906904 836
1649555749253 50.05539347330729 837
1649555749478 48.21328506469727 838
1649555749698 53.386887613932295 839
1649555749926 50.419331614176436 840
1649555750152 51.65734786987305 841
1649555750370 52.5873415629069 842
1649555750596 50.94492899576823 843
1649555750816 52.80998001098633 844
1649555751041 50.31979268391927 845
1649555751271 49.95104700724284 846
1649555751499 50.51585184733073 847
1649555751716 53.30373077392578 848
1649555751933 49.889628346761064 849
1649555752150 49.159215037028 850
1649555752365 51.27029571533203 851
1649555752583 52.949421946207686 852
1649555752806 51.23446044921875 853
1649555753029 50.56384404500326 854
1649555753242 48.50867182413737 855
1649555753457 49.69326655069987 856
1649555753683 50.18980865478515 857
1649555753904 50.551753489176434 858
1649555754122 48.91401952107747 859
1649555754344 50.255123392740884 860
1649555754561 52.222338612874346 861
1649555754776 51.26503448486328 862
1649555754990 50.09358596801758 863
1649555755202 49.29049911499023 864
1649555755423 51.25182240804036 865
1649555755647 50.13162078857422 866
1649555755870 50.71689987182617 867
1649555756100 51.679131571451826 868
1649555756304 51.835272471110024 869
1649555756523 50.246323649088545 870
1649555756758 50.23033116658529 871
1649555756977 49.9381820678711 872
1649555757203 52.4395866394043 873
1649555757458 52.83393478393555 874
1649555757690 49.09457702636719 875
1649555757912 48.776946767171225 876
1649555758138 51.05295995076497 877
1649555758369 49.31026916503906 878
1649555758611 48.89757766723633 879
1649555758854 51.62471110026042 880
1649555759085 51.45203679402669 881
1649555759310 51.383155822753906 882
1649555759546 49.28808110555013 883
1649555759770 49.02723058064779 884
1649555759999 51.148529815673825 885
1649555760227 49.03136342366536 886
1649555760446 52.2474967956543 887
1649555760668 50.2723627726237 888
1649555760892 51.20326309204101 889
1649555761115 47.12278060913086 890
1649555761334 46.921915181477864 891
1649555761573 49.36388397216797 892
1649555761787 49.478380330403645 893
1649555762000 51.767015075683595 894
1649555762218 50.35439758300781 895
1649555762443 49.845018259684245 896
1649555762676 49.88470357259114 897
1649555762904 47.592551930745444 898
1649555763133 51.003655751546226 899
1649555763375 47.599876403808594 900
1649555763646 48.84870325724284 901
1649555763897 49.365282440185545 902
1649555764129 52.35304209391276 903
1649555764364 48.05205790201823 904
1649555764586 49.454977925618486 905
1649555764800 49.18172556559245 906
1649555765025 49.25668207804362 907
1649555765260 49.30720799763997 908
1649555765469 50.991293080647786 909
1649555765688 49.16140111287435 910
1649555765902 50.359239451090495 911
1649555766113 52.393226623535156 912
1649555766341 49.04897486368815 913
1649555766562 48.910516357421876 914
1649555766788 47.26517130533854 915
1649555767021 49.98773091634114 916
1649555767304 51.37104237874349 917
1649555767555 50.37652486165364 918
1649555767798 48.79169845581055 919
1649555768033 49.35664037068685 920
1649555768269 49.43855590820313 921
1649555768512 50.96364771525065 922
1649555768737 49.842543538411455 923
1649555768961 46.535527038574216 924
1649555769196 49.518332926432294 925
1649555769435 48.82730712890625 926
1649555769665 49.650246175130206 927
1649555769899 47.92895431518555 928
1649555770116 50.71762390136719 929
1649555770346 51.42494379679362 930
1649555770564 50.00854466756185 931
1649555770797 51.17159779866537 932
1649555771026 50.42358296712239 933
1649555771256 49.76048889160156 934
1649555771480 49.30845387776693 935
1649555771713 49.19808349609375 936
1649555771941 47.270667775472006 937
1649555772166 47.807194519042966 938
1649555772401 49.58357340494792 939
1649555772628 49.882608032226564 940
1649555772863 48.94856567382813 941
1649555773084 48.648756154378255 942
1649555773326 50.47875086466471 943
1649555773563 47.11800028483073 944
1649555773799 47.12782211303711 945
1649555774026 48.04173634847005 946
1649555774250 47.53429056803385 947
1649555774476 51.52064844767253 948
1649555774709 49.81751480102539 949
1649555774932 50.518818918863936 950
1649555775173 50.138067626953124 951
1649555775413 47.79204355875651 952
1649555775661 50.42443567911784 953
1649555775911 49.6460205078125 954
1649555776152 50.85701853434245 955
1649555776389 46.985938262939456 956
1649555776630 49.56387685139974 957
1649555776861 49.69222920735677 958
1649555777099 49.451639302571614 959
1649555777322 51.07054951985677 960
1649555777546 49.21682510375977 961
1649555777776 47.77055053710937 962
1649555778001 46.82452392578125 963
1649555778238 48.13605575561523 964
1649555778468 48.316707611083984 965
1649555778701 47.7541389465332 966
1649555778929 47.085680135091145 967
1649555779159 47.67106196085612 968
1649555779376 47.62197672526042 969
1649555779596 46.9650380452474 970
1649555779826 47.40652669270833 971
1649555780060 52.19690093994141 972
1649555780294 49.01274820963542 973
1649555780517 46.95400746663412 974
1649555780747 47.13377176920573 975
1649555781000 48.078802998860674 976
1649555781239 47.238346354166666 977
1649555781469 48.239708455403644 978
1649555781704 47.250440724690755 979
1649555781949 49.60425771077474 980
1649555782185 49.80186284383138 981
1649555782408 44.888135274251304 982
1649555782642 47.44727325439453 983
1649555782879 48.15101750691732 984
1649555783114 46.52040227254232 985
1649555783370 49.05656026204427 986
1649555783589 47.085829416910805 987
1649555783826 47.498284657796226 988
1649555784064 48.04010009765625 989
1649555784295 48.76736145019531 990
1649555784526 48.88882827758789 991
1649555784825 48.17024205525716 992
1649555785091 47.240230305989584 993
1649555785314 47.52526601155599 994
1649555785553 47.87233861287435 995
1649555785790 46.97387924194336 996
1649555786022 46.443345133463545 997
1649555786245 48.05151189168294 998
1649555786468 47.09715143839518 999
