1649556338461 15831.906705729167 0
1649556338694 14322.6787109375 1
1649556338923 13010.1234375 2
1649556339142 11814.793424479167 3
1649556339367 10739.717545572918 4
1649556339598 9741.452506510417 5
1649556339825 8852.611458333333 6
1649556340060 8072.947265625 7
1649556340282 7359.277897135416 8
1649556340503 6715.853092447916 9
1649556340729 6173.637890625 10
1649556340950 5705.891145833333 11
1649556341164 5307.249251302083 12
1649556341387 4910.096419270833 13
1649556341605 4597.6517578125 14
1649556341831 4313.745182291666 15
1649556342059 4033.1978678385417 16
1649556342297 3780.862890625 17
1649556342523 3583.161930338542 18
1649556342750 3385.2294921875 19
1649556342968 3208.560107421875 20
1649556343194 3023.464811197917 21
1649556343420 2873.442138671875 22
1649556343662 2721.069026692708 23
1649556343885 2597.6028401692706 24
1649556344103 2469.47412109375 25
1649556344327 2346.3558756510415 26
1649556344559 2237.038541666667 27
1649556344787 2142.936531575521 28
1649556345019 2047.2441975911458 29
1649556345246 1947.4759033203125 30
1649556345469 1880.3244222005208 31
1649556345698 1796.1387369791667 32
1649556345945 1722.5727376302084 33
1649556346179 1651.8830810546874 34
1649556346404 1589.3740966796875 35
1649556346634 1523.5910237630208 36
1649556346852 1466.6347086588542 37
1649556347072 1406.6243489583333 38
1649556347297 1352.8825927734374 39
1649556347532 1314.505684407552 40
1649556347758 1263.0010904947917 41
1649556347982 1203.8498046875 42
1649556348211 1171.1427001953125 43
1649556348437 1126.6116943359375 44
1649556348656 1083.48115234375 45
1649556348880 1050.3540568033854 46
1649556349121 1017.0557088216145 47
1649556349355 986.1212524414062 48
1649556349584 957.3135294596354 49
1649556349818 913.5809814453125 50
1649556350053 900.2155232747396 51
1649556350320 865.090506998698 52
1649556350553 832.8533121744791 53
1649556350786 822.941817220052 54
1649556351008 788.2073323567708 55
1649556351243 762.3013916015625 56
1649556351483 740.1799926757812 57
1649556351713 722.287178548177 58
1649556351941 699.7543660481771 59
1649556352168 679.7739542643229 60
1649556352399 658.1060017903645 61
1649556352627 642.8072265625 62
1649556352849 626.0215657552084 63
1649556353068 619.9002482096354 64
1649556353294 600.0805216471355 65
1649556353516 583.8393473307292 66
1649556353739 566.5889689127604 67
1649556353964 555.2495402018229 68
1649556354179 548.7461242675781 69
1649556354399 528.9099487304687 70
1649556354619 517.4451436360677 71
1649556354850 506.8291544596354 72
1649556355079 493.0361796061198 73
1649556355297 488.31944376627604 74
1649556355523 470.8842447916667 75
1649556355750 462.9038798014323 76
1649556355976 450.5122314453125 77
1649556356204 440.33478393554685 78
1649556356430 436.56181640625 79
1649556356656 431.36814168294273 80
1649556356883 415.25780232747394 81
1649556357112 408.2410420735677 82
1649556357338 401.17494303385416 83
1649556357574 399.0427205403646 84
1649556357795 388.4207275390625 85
1649556358010 388.220703125 86
1649556358238 378.1243509928385 87
1649556358473 371.7405680338542 88
1649556358698 369.00721232096356 89
1649556358927 358.31292521158855 90
1649556359156 350.97490844726565 91
1649556359396 347.90387166341145 92
1649556359618 341.26088663736977 93
1649556359844 342.2106506347656 94
1649556360071 332.9540283203125 95
1649556360304 328.0513529459635 96
1649556360524 320.5674255371094 97
1649556360751 320.27723897298176 98
1649556360978 320.9519368489583 99
1649556361207 309.24632568359374 100
1649556361430 302.54978434244794 101
1649556361653 303.1910685221354 102
1649556361886 293.53819376627604 103
1649556362121 296.0583089192708 104
1649556362345 286.90619608561195 105
1649556362577 289.7501729329427 106
1649556362813 288.05352783203125 107
1649556363039 278.09620971679686 108
1649556363264 269.1892934163412 109
1649556363479 271.4777537027995 110
1649556363704 271.0935516357422 111
1649556363924 266.8320587158203 112
1649556364163 261.7021931966146 113
1649556364395 260.4402811686198 114
1649556364640 259.1678924560547 115
1649556364866 257.0080240885417 116
1649556365092 251.72984110514324 117
1649556365315 250.14538167317707 118
1649556365538 250.80310465494793 119
1649556365760 241.5633107503255 120
1649556365983 245.55276794433593 121
1649556366209 241.9401824951172 122
1649556366438 234.99654744466145 123
1649556366664 233.7127248128255 124
1649556366891 229.98308512369792 125
1649556367112 227.81073608398438 126
1649556367329 231.15516967773436 127
1649556367576 225.4437479654948 128
1649556367817 229.2276631673177 129
1649556368051 220.0021219889323 130
1649556368278 220.5055928548177 131
1649556368509 218.6148254394531 132
1649556368735 215.76747029622396 133
1649556368955 214.24661763509116 134
1649556369184 216.7238993326823 135
1649556369417 211.85250345865884 136
1649556369647 208.38180236816407 137
1649556369866 209.39551493326823 138
1649556370093 205.66481018066406 139
1649556370337 204.7173075358073 140
1649556370585 203.53888651529948 141
1649556370815 197.8724619547526 142
1649556371057 200.80060831705728 143
1649556371297 196.08205871582032 144
1649556371528 199.1349853515625 145
1649556371759 192.980126953125 146
1649556371984 193.7112782796224 147
1649556372202 191.27892659505207 148
1649556372429 190.21254170735676 149
1649556372680 189.34441833496095 150
1649556372910 186.6554423014323 151
1649556373140 183.64584350585938 152
1649556373357 182.47958068847657 153
1649556373584 182.44007771809896 154
1649556373820 184.67747599283854 155
1649556374061 182.54683939615884 156
1649556374292 179.019633992513 157
1649556374518 176.20745747884115 158
1649556374741 176.50792948404947 159
1649556374962 176.22919820149738 160
1649556375189 176.48093872070314 161
1649556375423 178.34561767578126 162
1649556375680 175.8481638590495 163
1649556375919 170.9747314453125 164
1649556376152 171.8966852823893 165
1649556376399 169.5801544189453 166
1649556376628 170.29619852701822 167
1649556376897 166.52206522623698 168
1649556377139 165.90144856770834 169
1649556377368 166.12735493977866 170
1649556377606 162.850385538737 171
1649556377848 162.89708557128907 172
1649556378087 164.1629628499349 173
1649556378329 161.41036682128907 174
1649556378560 162.38732401529947 175
1649556378794 159.12155253092448 176
1649556379014 159.0903121948242 177
1649556379245 160.08212890625 178
1649556379475 156.61046549479167 179
1649556379693 156.79912261962892 180
1649556379935 158.5590067545573 181
1649556380164 157.02467346191406 182
1649556380403 153.6476094563802 183
1649556380629 153.52554473876953 184
1649556380855 150.3805369059245 185
1649556381076 152.6587931315104 186
1649556381302 151.43936411539713 187
1649556381528 152.29633483886718 188
1649556381759 151.15101013183593 189
1649556381988 151.34003194173178 190
1649556382217 145.21053161621094 191
1649556382437 149.46367797851562 192
1649556382666 149.19579264322917 193
1649556382886 146.3307118733724 194
1649556383116 143.0286656697591 195
1649556383345 144.46483103434244 196
1649556383565 144.98954366048176 197
1649556383795 144.71678873697917 198
1649556384020 141.6042236328125 199
1649556384262 142.99890747070313 200
1649556384485 143.62030537923178 201
1649556384713 138.87240498860677 202
1649556384937 138.72182006835936 203
1649556385162 136.1943572998047 204
1649556385387 136.72824249267578 205
1649556385628 134.71910095214844 206
1649556385852 135.41929321289064 207
1649556386079 134.12791341145834 208
1649556386301 134.07692108154296 209
1649556386520 132.6034932454427 210
1649556386753 135.53397471110026 211
1649556387000 136.66495819091796 212
1649556387215 134.35039978027345 213
1649556387443 136.0876907348633 214
1649556387676 131.63667704264324 215
1649556387917 129.5222391764323 216
1649556388141 129.65428110758464 217
1649556388370 130.94922739664713 218
1649556388589 132.03018900553386 219
1649556388810 130.8421875 220
1649556389041 129.6270965576172 221
1649556389268 131.52802734375 222
1649556389495 129.19611409505208 223
1649556389745 129.29944254557293 224
1649556389977 128.75377349853517 225
1649556390212 125.58763275146484 226
1649556390431 120.90383504231771 227
1649556390653 126.0180903116862 228
1649556390879 122.1677759806315 229
1649556391102 121.27196655273437 230
1649556391328 123.84129028320312 231
1649556391545 123.06080932617188 232
1649556391773 120.76741892496744 233
1649556392002 119.04833730061848 234
1649556392242 121.36059265136718 235
1649556392472 122.02388102213541 236
1649556392694 120.21734517415365 237
1649556392917 119.07909545898437 238
1649556393153 120.98798268636068 239
1649556393379 116.996896870931 240
1649556393616 120.2706537882487 241
1649556393835 119.48065948486328 242
1649556394069 117.32435455322266 243
1649556394306 114.97088673909505 244
1649556394538 117.84044698079427 245
1649556394762 119.35889994303385 246
1649556395000 118.21919759114583 247
1649556395216 115.39936676025391 248
1649556395435 113.10462799072266 249
1649556395668 113.73871002197265 250
1649556395886 114.55391082763671 251
1649556396107 113.34874420166015 252
1649556396337 111.40389760335286 253
1649556396563 111.42751770019531 254
1649556396781 112.93446248372396 255
1649556397014 112.09699961344401 256
1649556397327 111.4121836344401 257
1649556397547 111.52304229736328 258
1649556397776 108.65813344319662 259
1649556398003 111.83345438639323 260
1649556398239 109.99696299235026 261
1649556398475 110.34655303955078 262
1649556398716 108.61355336507161 263
1649556398965 109.05364430745443 264
1649556399196 110.4719736735026 265
1649556399423 110.14926706949869 266
1649556399649 109.52059580485026 267
1649556399876 103.9590825398763 268
1649556400092 103.23270924886067 269
1649556400321 108.38213399251302 270
1649556400550 110.1301040649414 271
1649556400787 108.44334208170572 272
1649556401023 104.78664855957031 273
1649556401249 103.46431121826171 274
1649556401475 106.93579762776693 275
1649556401690 105.84437204996745 276
1649556401920 109.24505666097005 277
1649556402139 103.06212005615234 278
1649556402359 103.96219075520834 279
1649556402579 103.18002777099609 280
1649556402810 104.50248006184896 281
1649556403040 103.67251536051432 282
1649556403272 103.57647959391277 283
1649556403508 102.26378122965495 284
1649556403738 102.86971995035807 285
1649556403959 100.09799550374349 286
1649556404194 100.1431376139323 287
1649556404423 100.37368469238281 288
1649556404658 100.69380950927734 289
1649556404878 98.67201131184896 290
1649556405103 103.2305425008138 291
1649556405327 101.60797475179037 292
1649556405555 98.07416687011718 293
1649556405778 99.39475860595704 294
1649556405995 97.80899556477864 295
1649556406218 98.47422281901042 296
1649556406439 98.6681121826172 297
1649556406665 98.73239390055339 298
1649556406880 99.40630747477213 299
1649556407110 99.76905212402343 300
1649556407340 94.17513936360677 301
1649556407565 97.50052083333334 302
1649556407787 93.22159856160482 303
1649556408011 94.87032648722331 304
1649556408229 97.3982162475586 305
1649556408456 95.38696645100912 306
1649556408680 94.71675720214844 307
1649556408915 98.98560791015625 308
1649556409153 94.4798360188802 309
1649556409380 95.49281311035156 310
1649556409612 91.38852386474609 311
1649556409839 96.16619059244792 312
1649556410053 95.01646982828775 313
1649556410271 92.18752034505208 314
1649556410489 93.4058095296224 315
1649556410713 93.79291127522787 316
1649556410952 95.89860127766927 317
1649556411169 92.2802968343099 318
1649556411411 91.20133717854817 319
1649556411638 90.63997192382813 320
1649556411859 92.86777954101562 321
1649556412092 90.89447937011718 322
1649556412322 93.27757619222005 323
1649556412558 90.67754313151042 324
1649556412791 91.03922932942709 325
1649556413013 93.0341567993164 326
1649556413247 91.25740509033203 327
1649556413470 91.30586140950521 328
1649556413698 92.48868408203126 329
1649556413922 91.44514516194661 330
1649556414149 86.47871602376303 331
1649556414365 90.99886423746744 332
1649556414598 88.38780008951822 333
1649556414824 90.86906229654947 334
1649556415050 88.1192398071289 335
1649556415297 88.97571004231771 336
1649556415523 89.61801045735677 337
1649556415753 87.90938771565756 338
1649556415977 86.89527943929036 339
1649556416200 86.24594446818034 340
1649556416430 88.94842681884765 341
1649556416654 88.12581634521484 342
1649556416894 86.39407908121744 343
1649556417125 86.05097045898438 344
1649556417343 86.15015462239583 345
1649556417581 86.18007100423178 346
1649556417807 84.13624623616536 347
1649556418036 84.09037831624349 348
1649556418259 87.78961893717448 349
1649556418493 88.52797088623046 350
1649556418723 84.4262466430664 351
1649556418950 85.64902699788412 352
1649556419173 83.62926584879557 353
1649556419394 83.09474741617838 354
1649556419616 85.47978134155274 355
1649556419845 85.93193893432617 356
1649556420072 82.11337483723959 357
1649556420308 82.94126892089844 358
1649556420531 81.99491475423177 359
1649556420753 82.71977081298829 360
1649556420976 86.48009897867838 361
1649556421214 84.79555486043294 362
1649556421449 84.91102040608725 363
1649556421684 82.68120574951172 364
1649556421918 82.14918212890625 365
1649556422147 83.29563776652019 366
1649556422375 83.61700592041015 367
1649556422609 81.31790110270182 368
1649556422908 85.79930521647135 369
1649556423157 81.96952463785807 370
1649556423389 81.65798975626628 371
1649556423616 83.11910196940104 372
1649556423856 81.87223663330079 373
1649556424102 81.25971984863281 374
1649556424331 79.1465700785319 375
1649556424569 80.10861104329427 376
1649556424814 80.93784103393554 377
1649556425036 80.14182027180989 378
1649556425283 79.8148671468099 379
1649556425522 81.18821207682292 380
1649556425755 79.92766774495443 381
1649556425986 81.25579528808593 382
1649556426221 79.50597534179687 383
1649556426443 79.21431223551433 384
1649556426672 76.68797963460287 385
1649556426900 80.08800430297852 386
1649556427116 78.69164072672525 387
1649556427336 78.08420486450196 388
1649556427564 79.37728322347006 389
1649556427790 79.96179606119792 390
1649556428018 77.07432250976562 391
1649556428244 79.3163584391276 392
1649556428482 75.19275512695313 393
1649556428698 79.63809661865234 394
1649556428917 74.19360758463542 395
1649556429141 78.00912017822266 396
1649556429358 78.3424555460612 397
1649556429575 76.44928588867188 398
1649556429811 77.66897379557291 399
1649556430038 76.33996887207032 400
1649556430260 75.88579126993815 401
1649556430478 77.37577006022136 402
1649556430706 75.83583094278971 403
1649556430944 76.92253824869792 404
1649556431164 74.70252532958985 405
1649556431387 73.01893920898438 406
1649556431617 74.26702499389648 407
1649556431850 75.81327997843424 408
1649556432084 73.90424245198568 409
1649556432305 74.67634735107421 410
1649556432530 75.99477945963541 411
1649556432760 78.3283920288086 412
1649556432989 75.2960220336914 413
1649556433227 76.71988321940104 414
1649556433459 76.11987228393555 415
1649556433672 74.831849416097 416
1649556433902 74.28233083089192 417
1649556434129 74.00353444417318 418
1649556434349 71.93321685791015 419
1649556434569 74.90434977213542 420
1649556434808 73.9565643310547 421
1649556435040 72.70646845499674 422
1649556435279 71.4136734008789 423
1649556435520 73.82370045979818 424
1649556435758 74.65694707234701 425
1649556435984 74.22597096761068 426
1649556436205 74.33821614583333 427
1649556436489 74.0325190226237 428
1649556436723 72.2598752339681 429
1649556436956 71.01463623046875 430
1649556437186 73.00516306559244 431
1649556437416 69.1578997294108 432
1649556437652 74.35866902669271 433
1649556437885 71.24326019287109 434
1649556438113 73.8015968322754 435
1649556438344 73.85693918863932 436
1649556438557 73.53433278401693 437
1649556438776 71.0736068725586 438
1649556439001 70.94811706542968 439
1649556439220 71.88749796549479 440
1649556439440 71.80403696695963 441
1649556439666 71.28249588012696 442
1649556439893 70.57983373006185 443
1649556440111 72.52837702433268 444
1649556440344 71.88106536865234 445
1649556440563 71.40583648681641 446
1649556440800 72.36262715657553 447
1649556441023 71.04264831542969 448
1649556441248 70.62197240193684 449
1649556441476 71.68522974650065 450
1649556441705 70.80442886352539 451
1649556441931 68.83457921346029 452
1649556442155 69.12542622884115 453
1649556442380 71.61568959554036 454
1649556442610 70.00006917317708 455
1649556442841 69.26699422200521 456
1649556443065 70.5500986735026 457
1649556443290 69.36631189982096 458
1649556443521 70.3144053141276 459
1649556443753 70.40599950154622 460
1649556443974 69.11164194742838 461
1649556444210 69.47211380004883 462
1649556444423 69.73596496582032 463
1649556444647 69.24073232014975 464
1649556444863 69.38692957560221 465
1649556445085 68.55805994669596 466
1649556445312 70.1675542195638 467
1649556445538 69.53612060546875 468
1649556445772 66.85191752115885 469
1649556445998 68.51382166544596 470
1649556446221 70.66039555867513 471
1649556446461 66.75493240356445 472
1649556446704 68.51428298950195 473
1649556446925 69.63933995564778 474
1649556447162 68.65336685180664 475
1649556447400 67.50462595621745 476
1649556447615 68.13696365356445 477
1649556447837 67.96458384195964 478
1649556448057 68.12611312866211 479
1649556448286 68.28732732137044 480
1649556448512 67.49236577351888 481
1649556448747 68.76768086751302 482
1649556448969 66.54402313232421 483
1649556449190 67.05320103963216 484
1649556449418 66.43986333211264 485
1649556449640 64.34296595255533 486
1649556449862 67.5832893371582 487
1649556450105 66.77068227132162 488
1649556450328 65.72430953979492 489
1649556450555 65.36322301228842 490
1649556450781 68.12334874471028 491
1649556451000 66.43920084635417 492
1649556451229 65.4815798441569 493
1649556451449 64.86237513224283 494
1649556451675 65.1355707804362 495
1649556451897 67.00398356119791 496
1649556452116 65.36613032023112 497
1649556452348 67.74591267903646 498
1649556452583 65.14653065999349 499
1649556452817 67.20246963500976 500
1649556453036 65.85303192138672 501
1649556453257 66.66124776204427 502
1649556453477 66.20952555338542 503
1649556453704 66.06160380045573 504
1649556453916 65.75765584309896 505
1649556454147 62.755259958903 506
1649556454375 65.47156651814778 507
1649556454614 66.04909896850586 508
1649556454843 66.94467569986979 509
1649556455062 67.44908192952474 510
1649556455301 65.33619333902995 511
1649556455524 65.0175557454427 512
1649556455752 65.5122673034668 513
1649556455972 65.20178629557292 514
1649556456189 64.77473958333333 515
1649556456409 64.47047246297201 516
1649556456632 65.6674700419108 517
1649556456857 63.80818328857422 518
1649556457084 63.33577321370443 519
1649556457320 64.72015762329102 520
1649556457545 63.20967508951823 521
1649556457787 63.52198282877604 522
1649556458038 60.88802744547526 523
1649556458284 63.81029103597005 524
1649556458526 63.574395497639976 525
1649556458766 62.643401845296225 526
1649556458997 64.97447255452474 527
1649556459228 62.50228322347005 528
1649556459453 65.92575912475586 529
1649556459682 63.11012420654297 530
1649556459899 60.75733108520508 531
1649556460119 63.70117874145508 532
1649556460344 62.339070638020836 533
1649556460580 63.93636779785156 534
1649556460811 61.77914759318034 535
1649556461034 63.482625325520836 536
1649556461258 64.72961934407552 537
1649556461482 62.326332092285156 538
1649556461714 60.29324467976888 539
1649556461940 61.88110834757487 540
1649556462157 62.785664621988936 541
1649556462374 62.79992650349935 542
1649556462601 62.50402933756511 543
1649556462821 63.230072530110675 544
1649556463049 63.74338862101237 545
1649556463270 60.12549718221029 546
1649556463500 63.594879659016925 547
1649556463739 61.98628412882487 548
1649556463961 64.28067042032878 549
1649556464189 61.65236078898112 550
1649556464410 62.31315256754557 551
1649556464626 62.67144215901693 552
1649556464867 61.581013997395836 553
1649556465092 63.944447072347 554
1649556465316 61.23758163452148 555
1649556465557 63.17021916707357 556
1649556465787 62.4664187113444 557
1649556466010 61.27252044677734 558
1649556466297 60.553280385335285 559
1649556466518 61.9697265625 560
1649556466751 61.56569163004557 561
1649556466968 62.74442189534505 562
1649556467186 60.74722798665365 563
1649556467410 61.832942708333334 564
1649556467640 59.31901931762695 565
1649556467862 62.56511357625325 566
1649556468101 60.18079554239909 567
1649556468333 59.11952133178711 568
1649556468561 60.515280151367186 569
1649556468789 62.511261494954425 570
1649556469011 63.35337575276693 571
1649556469229 60.153985087076826 572
1649556469471 58.71900456746419 573
1649556469702 58.86263910929362 574
1649556469923 58.342830912272134 575
1649556470149 61.241797892252606 576
1649556470365 62.533373514811196 577
1649556470587 61.969583384195964 578
1649556470831 59.54305623372396 579
1649556471051 60.0831049601237 580
1649556471282 59.64729614257813 581
1649556471516 59.13814010620117 582
1649556471751 60.35445658365885 583
1649556471980 60.518194580078124 584
1649556472202 57.60527979532878 585
1649556472418 60.73473612467448 586
1649556472647 62.53146107991537 587
1649556472877 61.23564860026042 588
1649556473093 61.524115244547524 589
1649556473310 58.49004948933919 590
1649556473539 61.33633982340495 591
1649556473767 59.63537368774414 592
1649556473994 61.275560506184895 593
1649556474234 57.57080917358398 594
1649556474464 60.20441258748372 595
1649556474688 60.97881825764974 596
1649556474921 58.09269612630208 597
1649556475150 61.07146987915039 598
1649556475376 62.54712727864583 599
1649556475616 59.81761118570964 600
1649556475853 56.58310063680013 601
1649556476098 59.651408131917314 602
1649556476334 59.0811264038086 603
1649556476567 56.722476959228516 604
1649556476805 58.858874003092446 605
1649556477040 59.73635584513347 606
1649556477288 58.4848030090332 607
1649556477518 58.45256983439128 608
1649556477744 57.9147034962972 609
1649556477969 57.69545288085938 610
1649556478196 59.13861923217773 611
1649556478426 59.78119939168294 612
1649556478661 59.64049072265625 613
1649556478885 57.122021993001304 614
1649556479108 60.32252807617188 615
1649556479341 59.33483123779297 616
1649556479567 59.33640645345052 617
1649556479795 60.10547103881836 618
1649556480034 58.90156733194987 619
1649556480271 59.62895253499349 620
1649556480504 58.0416748046875 621
1649556480730 57.517539978027344 622
1649556480949 58.822208150227866 623
1649556481175 57.29929987589518 624
1649556481412 58.97803319295247 625
1649556481624 56.57768809000651 626
1649556481854 56.690083567301436 627
1649556482094 56.519562530517575 628
1649556482344 57.86031443277995 629
1649556482578 56.60836283365885 630
1649556482816 57.62345911661784 631
1649556483043 59.12503255208333 632
1649556483279 58.25882415771484 633
1649556483498 56.728772735595705 634
1649556483724 59.1277099609375 635
1649556483942 58.32974802652995 636
1649556484169 58.1238405863444 637
1649556484402 57.1010134379069 638
1649556484632 56.24132232666015 639
1649556484858 57.80253194173177 640
1649556485078 55.613564809163414 641
1649556485297 56.61280136108398 642
1649556485540 56.082471466064455 643
1649556485768 56.17605438232422 644
1649556485997 55.63153966267904 645
1649556486219 55.980778503417966 646
1649556486448 57.87391891479492 647
1649556486678 55.46074447631836 648
1649556486913 56.19526112874349 649
1649556487135 56.9161008199056 650
1649556487375 56.20896809895833 651
1649556487600 57.357644907633464 652
1649556487823 56.49350331624349 653
1649556488055 57.59799626668294 654
1649556488282 54.415113576253255 655
1649556488495 56.233604939778644 656
1649556488720 57.16341832478841 657
1649556488941 55.57601598103841 658
1649556489168 56.4618413289388 659
1649556489396 56.213009643554685 660
1649556489629 56.50889511108399 661
1649556489862 54.639923858642575 662
1649556490093 56.371176656087236 663
1649556490322 54.96467870076497 664
1649556490543 57.109109497070314 665
1649556490761 58.901170603434245 666
1649556490993 55.15115687052409 667
1649556491229 57.00167236328125 668
1649556491462 55.606171162923175 669
1649556491691 57.11443074544271 670
1649556491950 56.04461771647136 671
1649556492182 57.12506383260091 672
1649556492403 59.133050537109376 673
1649556492649 55.494860585530596 674
1649556492893 54.84111073811849 675
1649556493117 55.2895512898763 676
1649556493345 55.53136291503906 677
1649556493581 52.69806442260742 678
1649556493806 56.55491943359375 679
1649556494025 54.43033345540365 680
1649556494254 57.12708485921224 681
1649556494488 52.594441986083986 682
1649556494707 55.033738708496095 683
1649556494940 54.69450174967448 684
1649556495166 56.76425425211588 685
1649556495389 55.4864990234375 686
1649556495648 56.43314895629883 687
1649556495883 52.0623275756836 688
1649556496124 55.74872767130534 689
1649556496367 55.79717305501302 690
1649556496587 56.19483362833659 691
1649556496814 52.13773778279622 692
1649556497040 55.82075627644857 693
1649556497274 55.58010584513347 694
1649556497501 54.123619333902994 695
1649556497728 56.73327051798503 696
1649556497943 52.874499257405596 697
1649556498168 57.01146952311198 698
1649556498391 54.024322764078775 699
1649556498615 54.75603103637695 700
1649556498843 56.329609934488936 701
1649556499064 54.864627583821616 702
1649556499297 53.871839396158855 703
1649556499525 56.00970967610677 704
1649556499748 54.789598592122395 705
1649556499966 55.083170572916664 706
1649556500201 53.43415908813476 707
1649556500431 52.66552607218424 708
1649556500659 55.12413558959961 709
1649556500885 53.58730672200521 710
1649556501129 53.19456049601237 711
1649556501372 52.757347615559894 712
1649556501623 55.493979136149086 713
1649556501855 53.42107137044271 714
1649556502090 53.317718760172525 715
1649556502331 54.87644958496094 716
1649556502562 55.10989735921224 717
1649556502792 52.432107289632164 718
1649556503019 55.202501678466795 719
1649556503241 54.044796498616535 720
1649556503469 53.75205612182617 721
1649556503701 53.157046508789065 722
1649556503929 55.2357182820638 723
1649556504156 55.42552235921224 724
1649556504378 57.30706659952799 725
1649556504594 55.72183024088542 726
1649556504822 52.81553471883138 727
1649556505042 53.95405909220378 728
1649556505262 52.84320322672526 729
1649556505489 52.61650899251302 730
1649556505728 53.20457916259765 731
1649556505953 51.72269007364909 732
1649556506174 55.517094421386716 733
1649556506399 54.60978393554687 734
1649556506623 51.29364140828451 735
1649556506847 53.67661743164062 736
1649556507074 54.57007649739583 737
1649556507300 53.86936492919922 738
1649556507525 54.36008961995443 739
1649556507748 53.98788045247396 740
1649556507978 54.18948923746745 741
1649556508212 54.8912966410319 742
1649556508444 52.59219640096028 743
1649556508667 55.313001251220705 744
1649556508901 54.44631500244141 745
1649556509170 55.19378865559896 746
1649556509446 53.74429117838542 747
1649556509690 51.11437301635742 748
1649556509916 54.10437266031901 749
1649556510148 55.123330434163414 750
1649556510398 53.67605387369792 751
1649556510623 54.09256540934245 752
1649556510858 53.948133850097655 753
1649556511094 54.63783569335938 754
1649556511326 53.424642435709636 755
1649556511551 52.992210388183594 756
1649556511778 52.72117309570312 757
1649556512000 52.834432729085286 758
1649556512226 53.51014022827148 759
1649556512453 52.96538569132487 760
1649556512681 51.8655392964681 761
1649556512918 51.60223592122396 762
1649556513150 54.18376693725586 763
1649556513390 53.63437983194987 764
1649556513622 52.57769775390625 765
1649556513856 53.007425181070964 766
1649556514082 51.69496485392253 767
1649556514299 52.21343154907227 768
1649556514528 51.89507497151693 769
1649556514755 52.32756856282552 770
1649556514976 51.51046625773112 771
1649556515203 53.58799730936686 772
1649556515433 53.45461858113607 773
1649556515676 53.33247400919596 774
1649556515905 53.01541341145833 775
1649556516132 51.254076385498045 776
1649556516361 51.23209228515625 777
1649556516585 51.55855204264323 778
1649556516805 53.721753692626955 779
1649556517027 51.14682413736979 780
1649556517257 53.712109883626304 781
1649556517479 52.27871576944987 782
1649556517710 52.526099395751956 783
1649556517939 53.06245422363281 784
1649556518155 53.09571533203125 785
1649556518377 51.71975173950195 786
1649556518617 50.305973307291666 787
1649556518847 52.83736114501953 788
1649556519074 50.8022346496582 789
1649556519301 52.112709045410156 790
1649556519532 52.830536651611325 791
1649556519757 51.68367411295573 792
1649556519984 51.22105890909831 793
1649556520212 53.898136901855466 794
1649556520444 54.54233245849609 795
1649556520674 51.62137908935547 796
1649556520895 53.86182759602865 797
1649556521113 49.82062784830729 798
1649556521340 51.70951614379883 799
1649556521575 52.56761957804362 800
1649556521811 50.60484161376953 801
1649556522042 51.910702006022134 802
1649556522269 51.32080078125 803
1649556522501 53.397847747802736 804
1649556522726 52.30433247884115 805
1649556522974 52.56948445638021 806
1649556523207 50.90976435343425 807
1649556523442 50.927764638264975 808
1649556523680 50.863075256347656 809
1649556523919 49.709434254964194 810
1649556524151 51.39499994913737 811
1649556524390 51.66024907430013 812
1649556524618 52.51791763305664 813
1649556524858 50.646599833170576 814
1649556525095 50.03929494222005 815
1649556525328 53.64719085693359 816
1649556525585 51.18858159383138 817
1649556525817 51.08684794108073 818
1649556526054 52.11772994995117 819
1649556526280 51.11828104654948 820
1649556526515 50.07411346435547 821
1649556526750 50.475110880533855 822
1649556526973 51.916710662841794 823
1649556527216 52.47854359944662 824
1649556527437 50.56910171508789 825
1649556527659 50.84704437255859 826
1649556527877 51.04274876912435 827
1649556528101 51.578582000732425 828
1649556528326 52.52216669718425 829
1649556528563 50.270451354980466 830
1649556528809 53.84431381225586 831
1649556529040 50.624429066975914 832
1649556529266 49.76596349080403 833
1649556529498 50.19465993245443 834
1649556529740 50.70080032348633 835
1649556529964 50.65007044474284 836
1649556530192 51.08052419026693 837
1649556530427 51.65460408528646 838
1649556530652 48.58436940511068 839
1649556530888 53.33818868001302 840
1649556531126 51.35800806681315 841
1649556531369 49.584868621826175 842
1649556531602 51.52136510213216 843
1649556531841 50.69401117960612 844
1649556532073 50.73180313110352 845
1649556532304 49.93847401936849 846
1649556532533 50.73077341715495 847
1649556532775 51.01438013712565 848
1649556533014 51.29295043945312 849
1649556533251 54.545754750569664 850
1649556533479 51.115163548787436 851
1649556533725 50.9472401936849 852
1649556533958 51.35765787760417 853
1649556534191 51.999560038248696 854
1649556534445 50.35081151326497 855
1649556534681 51.63909962972005 856
1649556534904 52.01287155151367 857
1649556535129 52.1344352722168 858
1649556535360 52.04374415079753 859
1649556535594 51.50385335286458 860
1649556535825 49.05862096150716 861
1649556536145 51.594539133707684 862
1649556536387 49.08425064086914 863
1649556536624 50.41107762654622 864
1649556536856 51.74118881225586 865
1649556537096 51.187581380208336 866
1649556537337 51.21084747314453 867
1649556537576 49.02367426554362 868
1649556537806 49.574093627929685 869
1649556538025 49.96934229532878 870
1649556538258 49.39695536295573 871
1649556538494 50.709283447265626 872
1649556538718 51.21735814412435 873
1649556538940 50.1369509379069 874
1649556539172 49.91713638305664 875
1649556539407 48.92994384765625 876
1649556539643 49.628954060872395 877
1649556539884 50.31957321166992 878
1649556540120 50.40559794108073 879
1649556540356 53.73785883585612 880
1649556540592 49.32837422688802 881
1649556540821 50.319811503092446 882
1649556541052 49.254032897949216 883
1649556541279 50.49492670694987 884
1649556541501 49.946885935465495 885
1649556541726 48.360974629720054 886
1649556541952 49.45775299072265 887
1649556542180 49.909306335449216 888
1649556542407 50.21390050252278 889
1649556542644 50.69893163045247 890
1649556542868 48.408652242024736 891
1649556543094 50.10598856608073 892
1649556543322 51.29690780639648 893
1649556543559 48.1373291015625 894
1649556543793 50.79918416341146 895
1649556544019 51.415218353271484 896
1649556544248 50.47348429361979 897
1649556544479 49.602684529622394 898
1649556544711 48.130731201171876 899
1649556544939 49.45152053833008 900
1649556545178 49.39892832438151 901
1649556545411 49.30463180541992 902
1649556545647 49.67134005228679 903
1649556545875 49.18084576924642 904
1649556546107 49.59205271402995 905
1649556546340 48.34222183227539 906
1649556546565 48.16147486368815 907
1649556546800 50.533469899495444 908
1649556547058 50.981441752115884 909
1649556547297 48.14809799194336 910
1649556547520 49.23208414713542 911
1649556547749 47.26202621459961 912
1649556547988 48.9445442199707 913
1649556548215 49.78196309407552 914
1649556548437 51.7339968363444 915
1649556548662 48.96094563802083 916
1649556548891 51.190975189208984 917
1649556549120 48.91522445678711 918
1649556549380 49.15693995157878 919
1649556549607 47.893550618489584 920
1649556549848 48.95971755981445 921
1649556550076 52.369703928629555 922
1649556550310 47.826611328125 923
1649556550536 49.59178136189779 924
1649556550767 51.07818705240886 925
1649556551015 49.98261286417643 926
1649556551254 51.78352711995443 927
1649556551483 49.09682846069336 928
1649556551716 49.71583620707194 929
1649556551946 47.69803237915039 930
1649556552174 49.50605290730794 931
1649556552411 48.32350463867188 932
1649556552643 49.484833017985025 933
1649556552867 51.10718561808268 934
1649556553095 50.234275309244794 935
1649556553324 47.02031784057617 936
1649556553551 49.07985229492188 937
1649556553783 47.42875671386719 938
1649556554013 47.94740371704101 939
1649556554232 49.41692097981771 940
1649556554466 47.35122324625651 941
1649556554763 48.170816040039064 942
1649556555003 49.73704427083333 943
1649556555229 48.80972747802734 944
1649556555470 48.35237375895182 945
1649556555702 47.514975992838544 946
1649556555932 50.631909434000654 947
1649556556179 50.71291758219401 948
1649556556410 48.2727055867513 949
1649556556659 49.1135508219401 950
1649556556880 50.18528467814128 951
1649556557104 46.56536738077799 952
1649556557335 48.170623779296875 953
1649556557567 48.437811533610024 954
1649556557794 49.77791430155436 955
1649556558033 46.21983108520508 956
1649556558277 49.111951700846355 957
1649556558502 50.177720642089845 958
1649556558743 49.03702239990234 959
1649556558972 49.677782948811846 960
1649556559213 48.33618443806966 961
1649556559448 46.75375595092773 962
1649556559679 49.128745778401694 963
1649556559900 49.52472686767578 964
1649556560122 48.10894088745117 965
1649556560360 50.140472920735675 966
1649556560601 48.3419303894043 967
1649556560828 46.89700927734375 968
1649556561059 48.01854451497396 969
1649556561293 49.79301834106445 970
1649556561513 47.81314188639323 971
1649556561748 45.376949055989584 972
1649556561972 45.148219426472984 973
1649556562199 45.91729532877604 974
1649556562422 49.33389460245768 975
1649556562655 48.28551712036133 976
1649556562872 47.13604227701823 977
1649556563094 47.752681986490884 978
1649556563313 49.15568873087565 979
1649556563545 48.66477686564128 980
1649556563773 46.116267903645834 981
1649556564019 47.232748667399086 982
1649556564246 49.614820098876955 983
1649556564469 46.75066146850586 984
1649556564694 46.660440572102864 985
1649556564931 48.90689315795898 986
1649556565155 47.940815989176436 987
1649556565374 47.471972401936846 988
1649556565604 46.050531005859376 989
1649556565841 46.468685150146484 990
1649556566078 48.624176788330075 991
1649556566304 49.32367884318034 992
1649556566524 50.053216298421226 993
1649556566747 47.29538370768229 994
1649556566971 45.86078364054362 995
1649556567192 48.992906951904295 996
1649556567423 49.23175633748372 997
1649556567649 50.02580820719401 998
1649556567888 49.67237141927083 999
